"tract","oi_16","d_crime","d_educ","d_employ","d_env","d_health","d_trans","d_house"
39001770100,46.1297641003757,0.393675868066138,-0.377165241179049,-0.413532031788422,-3.36016730342905,-0.736962981654723,-1.91322760424167,-0.0724890385741799
39001770200,51.1687144218828,0.503235290170832,-0.305498218959858,-0.506003831142294,-2.94497787818034,-0.52305187036766,-1.5930073983212,0.285480940470237
39001770300,61.6093631898347,0.482686082559961,-0.378756697693166,-0.201719131355562,-0.773724985083759,-0.180938506112389,-2.46988212281673,0.150181811455732
39001770400,59.4225624183126,0.331915804207498,-0.253957757797352,-0.931238081025431,0.495270254177556,-1.15599757415172,-0.622627694441225,-1.03169110224703
39001770500,50.7158515979025,0.49924615292805,-0.565197446872656,-0.513793657528606,-2.84051055510842,-0.371326034562708,-1.74072946594173,0.204098883558381
39001770600,58.6180762486425,0.265539303983685,-0.231491865276359,-0.607107537308556,-1.39858188570661,0.0648539527106388,-1.82125826254976,-0.154443988894902
39003010100,90.3582029828009,0.691691827435466,1.30201978160919,0.282901197375602,-0.00163382388803454,0.551727419671126,0.861621715537905,-0.449251644574059
39003010200,92.1668027369347,0.688535068107342,0.617660933721475,0.465787903091285,-0.265709762908735,0.88932325458695,1.25879373997356,0.0888993016141821
39003010300,86.3744760213892,0.664911797923559,0.254814141687609,0.506503778237175,-1.51674429660723,1.96972841943986,0.94013623914165,0.477784495306422
39003010600,79.9675778302913,0.574560832583392,0.383111454251415,0.458408007843395,-1.62092425213434,0.651271994270936,0.146883166860531,-0.128775223814816
39003010800,94.2866250569415,0.62238098407046,0.51685620759521,0.913566512783772,-0.131431871251174,2.01818789157197,0.935769624898726,0.387866504858811
39003010900,87.6580812684431,0.631283074626867,0.271068346946808,-0.277803424446506,0.278198924469021,0.420069535970908,0.848027390102584,-0.0877220971034191
39003011000,74.4244818660543,0.598131891859903,-0.191743161595153,-0.10887533857263,-0.249886968563747,-0.436121374793281,0.432127424077332,-0.699759551392164
39003011200,74.4182083376724,0.692823085166873,-0.400685799405233,0.522791694569153,-0.915577356922337,-0.799403182561789,0.216967393442143,-0.112043523245472
39003011300,90.6337539183376,0.69248488843339,0.669642859305369,0.410628417744435,-0.195593378888166,0.114811488975286,0.897269378978609,0.215385370706158
39003011400,84.7529014982086,0.689782360848041,0.236712020750541,0.589427626283589,-2.08641361796156,1.99350607419,0.922272886052435,0.715160323459383
39003011500,77.6330670283982,0.689505625348281,0.209174181944122,0.000543675680585697,-2.38374936280446,1.1894851529989,0.38095704319414,0.315029739940804
39003011600,76.584925702374,0.599734081360171,-0.21222090038634,0.000598622680665769,-0.957290747563777,1.96108080221478,0.594465319978533,-0.786715336921979
39003011800,94.1280586741337,0.202257337254327,1.26384548422716,0.579406781222292,0.800422177098261,0.258209902856937,1.44383798480659,0.594534700687621
39003011900,81.4810671024805,0.214056140759639,-0.358295127373726,-0.227738946604855,-0.0773560095776272,1.45619330680464,0.34813361801897,0.201136664588848
39003012000,92.9848673592056,0.514320358407995,1.18460473091146,0.8526373289722,-0.615598594379594,0.681297244533302,1.48540862347931,3.22622352538104
39003012100,89.4019669179505,0.488216865346878,1.11838950640113,0.622762758988732,-0.926675523170871,0.661339661152303,1.16821204221572,0.78244518210991
39003012200,74.9346938880805,0.692823085166873,-0.536777885317315,-0.124386322231617,-0.778133427085851,-0.699448915373795,1.04798073142539,0.0300849576253657
39003012300,75.8039423276313,0.684782936248565,-0.324167006400192,-0.298108391802701,-0.423232422823966,-0.29301943739112,1.69084099017931,-0.629311692490049
39003012400,72.841699869463,0.692823085166873,-0.74956235861767,-0.59783526462281,0.160599025323909,-0.550315968497043,0.761049806387602,-0.741264650277201
39003012600,68.6146607287951,0.692823085166873,-0.650778641035513,-0.673572336066052,0.143051522692242,-1.61571135120418,1.30795491799048,-0.510133689894523
39003012700,46.3233743518869,0.692823085166873,-0.530242755028414,-1.94647381670759,-0.257308850620994,-2.58892104799297,-0.0447030813523173,-1.50289367272393
39003012900,60.7178626741314,0.687725536099797,-0.0730994624059005,-1.42273282187667,-0.168259958955115,-0.594198116205601,-0.865491122067216,-0.88421219697032
39003013000,73.7856337591662,0.691923449114936,-0.372187611433087,-0.382848867569625,0.15992803011134,-0.962717195854765,0.494926956322557,-0.519873997969569
39003013100,81.5842779665885,0.692823085166873,-0.00266190364334907,0.307320358814916,-0.176764788172528,0.259824903352673,1.28629520550654,-1.10501963185579
39003013200,80.7256361571787,0.692823085166873,0.0481908945900993,-0.188408023424412,-0.654398142503022,0.102029968579913,1.02381732194297,-0.35952787926862
39003013300,70.8509825384739,0.689005930807745,-0.0486310466030019,-0.459007260762557,-0.0956356087831436,-1.31161868185363,1.17911412721555,-0.77351546463892
39003013400,55.2252338943263,0.692823085166873,-0.836343928251584,-1.62071392654951,-0.0120971291029329,-1.17613268089798,-0.73580879406732,-0.864120384378571
39003013600,64.6939648121828,0.692823085166873,-0.751880848507599,-1.58877393795314,0.445747686154762,-1.35493584538512,0.799078472342968,-0.757041121667139
39003013700,52.6606976274465,0.692823085166873,-0.539103465948857,-1.34193503357566,-0.0995137299860191,-3.47896633113084,-0.430608499287177,-0.604299739810803
39003013800,63.4223792998252,0.676497468285029,-0.832713730206646,-0.909076347604261,0.473188069556117,-1.79176028316134,0.604752698587651,-0.766769170603708
39003013900,91.271646037131,0.681513337236124,0.308836284734126,0.591446132140808,0.289935886225702,0.541734453529364,0.528708240542881,-0.220733552843696
39003014000,89.0797923473374,0.678426853246334,0.0567631051347837,0.404168570494439,-0.418681655197705,0.951651627881449,1.14530476728443,0.0526948699276492
39003014100,50.6473087756543,0.692823085166873,-0.613157510082483,-2.3763863533611,1.76441984993813,-2.18771083719657,0.0356827573582919,-1.49816874140033
39005970100,70.2603687349197,0.524626653124202,0.0169356646485219,0.174698300916386,-2.15297123807319,0.76624193723401,-0.599783840509708,-0.161935482775892
39005970200,69.9267595110923,0.561112847580159,-0.0604309469213448,0.384529479503801,-2.04879670420384,1.0451576187515,-1.1880096829679,0.0388709639357706
39005970300,84.9469070223474,0.00595217911690186,0.207103734454501,0.363900317959386,0.207424722116895,0.72033868470972,0.753915573752921,-0.456340345360092
39005970400,70.8171805993648,-0.203940725865932,0.0291541258703689,-0.199467814490764,0.35331869377723,-0.83755329621631,0.173638753676924,-0.541581435334979
39005970500,70.081163491879,-0.723933909399411,0.37123678292815,-0.0951760200125852,1.4886926612178,-0.955741291009011,0.332678271999291,-0.847480172673675
39005970600,86.4514737559507,0.334335466164516,0.748589685504369,0.339216966660019,0.446934703336995,0.416034858358988,0.386598995671547,-0.544908517741453
39005970700,89.7594976735274,0.442182999881869,0.642726258319998,0.834731014272555,0.290141231240136,1.09237852242248,-0.133821657245257,0.048091383768392
39005970800,86.4922344712339,-0.0581757114269569,0.469221746116068,0.364785939276847,0.53185932091456,-0.221208506666968,0.794198800121615,0.307563224029366
39005970900,76.997627744656,0.597808908363071,0.117498271181139,0.402288899227488,-2.34511513040863,1.04631129888866,0.0271273436117517,0.303381960505152
39005971000,78.6997711926043,0.496116527810066,0.142314350011135,0.539000594669865,-2.00190193649698,1.0658116323693,0.0949855710815142,0.237138885730743
39005971100,71.1433323193253,0.234104113724536,0.433319769078635,0.336679775586312,-2.43595688709478,0.33811341663809,0.0317962066350148,-0.179522368158609
39007000101,74.8866809031853,0.681547614578885,-0.289244489324111,-0.0277804817522287,0.405971909391641,0.0238458705551215,-0.486518959352094,-0.912334168823407
39007000102,76.7449922095245,0.668890248943002,-0.77387941168599,-0.282818819930342,0.431332012113175,-0.31710336376579,0.44709402021695,-0.524247673961639
39007000103,71.3369877934145,0.663756526179891,-0.863126774109841,-0.990911621708004,1.08646373400496,-0.381847000553807,0.271851580447333,-0.724843192028385
39007000200,88.1872242852482,0.640107299584934,-0.0768756741251007,0.368915737550337,0.109707940338252,0.0185296919706769,0.927465215833264,0.12823300134943
39007000300,70.1044628502305,-2.08121318548765,0.103881512442398,-0.345730211173509,0.6100350505967,-0.919942255018861,1.27897970472587,0.293460599789438
39007000400,72.0555132613563,0.677276742249372,-0.644069209060882,-0.605723194908701,0.217740004483553,-0.423940110600136,0.353307263984121,-0.800723539498817
39007000500,74.5609976276435,0.0731023054439646,-0.264316343251306,-0.549153424463682,0.702199372470283,-0.309399897509009,0.831996004992735,-0.673833541128426
39007000601,70.8821525197878,0.608706170981081,-0.599700671212012,-0.448602816418846,0.817325882474582,-1.32261017380944,0.763852927171206,-0.679426362044739
39007000602,81.1618375478944,0.617534111095147,0.0051119163794794,-0.220539741062587,0.227994415127522,-0.272092150489546,0.65942782737763,-0.39477305294147
39007000603,81.318649913012,0.4711281922593,-0.0619399897476705,-0.272194480826235,0.251637989070257,0.118673913875809,-0.0381261411509806,0.11069837036882
39007000701,59.7730170027474,0.565939673738495,-0.657928732006145,-1.82633958814095,0.520951754695933,-1.91008709061045,0.222629603620329,-0.39441801769218
39007000702,77.1972883332846,0.169080768799763,-0.222706748502859,0.05925299724505,-0.681558530851838,0.893556686004257,-0.138255354412994,0.20645149192536
39007000703,63.2379578288498,0.286903209195717,-0.647595715741918,-1.50223830185054,0.455985431598181,-1.2866804537606,0.22538903838085,-0.33461160688679
39007000704,74.7340110166419,0.47524273479883,-0.321978006017302,-0.582714408108265,0.673395661938205,0.0432971403196832,-0.215276418159745,-0.59282416443511
39007000801,67.4142740019249,-0.171112778635086,0.260116156167857,-0.105741188205888,0.161195064313587,-0.138152559376902,-0.751803114325886,-0.997454126786986
39007000802,64.350667009175,0.567874850756446,0.171415060225897,-0.0430119021003102,0.73435906728797,-0.403840634881838,-0.904130352610398,-2.39108402738347
39007000900,82.4855418564673,0.4991714523615,0.08607244096729,0.157548985750499,0.559588703388226,0.305429588734104,-0.344892962904011,-0.321744572120376
39007001001,59.076751856106,0.326012176555773,0.3513801974633,-0.222885778221349,-2.40038887663732,0.173558404575803,-1.04907328762711,-0.64611253363685
39007001002,82.7949023682326,0.459801271728804,0.245342217834703,-0.0307838372511526,-0.747245389860696,0.979781624927505,0.257024614480748,0.446665217291821
39007001101,71.7142029623037,0.448304427039391,0.212719592272461,0.080111556918505,-1.78494767216768,-0.202732939641349,-0.419134631256704,0.568745102697527
39007001102,83.5960350196299,0.462688445960153,0.203231065208893,-0.278230616278404,0.364544016380769,-0.0936023039368031,0.681549776490276,-0.0918141300783619
39007001200,65.1762447141243,0.496238031344806,-0.160064152520274,-0.102332468144669,-2.25777284713445,0.378722417905853,-0.49888645134945,-0.444702831723387
39007001301,65.3760396204714,0.369594689758856,0.196696095732505,-0.0679829718027917,-3.91014034356098,-0.0648681210157074,0.0423968426509252,0.345891483707411
39007001302,59.4003847632434,0.49609264345263,-0.366346408947199,-0.382768856058947,-2.20887913236237,-0.302223970029342,-0.440778593463983,-0.543746202064018
39007001400,60.434534716168,0.512951543956646,-0.341445900821715,0.28661905501054,-3.14771252296123,0.268868792796535,-1.27387361586415,0.148870619612269
39009972600,67.6235069275516,0.192258506231286,-0.647098941355438,-0.589986224277276,0.508715057813222,-0.568173322141133,-0.647764641835069,-0.0985872147574415
39009972700,70.673909709909,0.193886020832788,-0.0621055625846525,-1.05880594992822,0.531075400378478,0.154786973487237,0.25874931833439,-1.11653372706254
39009972800,63.7920360149469,0.337641522417189,-0.750512989528843,-0.473099955761596,0.683964528732489,-0.616336775346348,0.0926996729305604,-1.50180112995221
39009972900,82.9516797275879,0.219916542462257,0.390826919773929,-0.674045088621082,0.853634000612139,0.70940265516697,0.505287510591368,-0.354289983195077
39009973000,92.2622456471729,0.314810890338492,1.35656928203902,-0.110955327901641,0.760556379820729,0.711618112484146,1.92053323323578,0.34219063508372
39009973101,60.6675102195813,0.302762988410403,0.534839486721612,-3.70747190460598,1.36082953549389,0.850025224198078,0.248146154390506,-2.75557365193716
39009973200,86.2664507244173,0.489698240785258,0.479454756076035,-0.365248825141031,0.454246713170462,1.17062349253979,1.07645391533294,-0.552300639732485
39009973300,92.2117958683308,0.569294428100905,1.12258756068938,0.178585542020578,0.381858792329908,1.22487541854532,0.908583827587459,-0.255938837644652
39009973400,77.8936182960598,-0.372246084925366,-0.126007271490443,-1.01925811265981,0.476602434532468,0.916992230443425,0.409192444769302,0.0276014974585582
39009973500,83.183040021794,0.555845024164966,-0.485696051905024,0.111846009984619,0.0437215844929584,1.17803867778787,-0.180431804597658,0.199201073691354
39009973600,65.3378861711,0.558811577442093,0.148651840357508,-0.0700547027233915,-2.53680058319767,0.283252000667121,-1.16167661431866,0.520656579467837
39009973700,75.9993620307697,0.566563673327362,-0.0525547629192633,-0.0229000051746058,-1.50402000701232,1.09790411578764,-0.398177876985703,0.371373726005621
39009973800,67.4407592609629,0.53292445041334,0.105397481109369,-0.228431314966535,-1.48595829764937,0.820170956058765,0.46213833086095,-1.7415301747117
39009973901,65.75835269673,0.634142948641431,1.27641987260394,-3.80969482141267,0.759867652134924,1.38105667268558,0.673847457026983,-2.70584649722248
39009973902,70.1676331170058,-0.138414445030011,0.946026057106952,-3.87309554229547,1.81436135092167,-0.15362537066419,0.715836366376577,-0.225441485578038
39011040100,72.6782802021147,0.588125504505222,0.20977929899205,0.465875589273832,-2.34490900462299,0.0818664918133204,-0.588999065649934,0.825480776319699
39011040200,79.9661489782077,0.57512922721673,0.0193464145856794,0.473670407554637,-0.0995732916752269,1.20176710339907,0.446333828000837,-1.36610534845263
39011040300,79.4283619335802,-0.0995580598088105,0.470853766905433,0.0482909760225571,0.537076480046414,-0.373541887838855,-0.0105736857397384,-0.0453264913482498
39011040400,85.6392729257201,0.325061125701422,0.683478940419671,0.877201697889507,0.0325256315715948,0.0795417726977112,0.653009041205721,-0.530249085318893
39011040500,85.8945489096099,0.543688488458129,-0.55068373589479,0.693852855358546,-0.516015257650592,0.352330872563679,0.867281663434785,0.732100742535857
39011040600,83.8092684658695,0.260867681920641,-0.646249535107741,0.385460747641229,-0.0287338610282994,0.139804322450177,1.51644232420822,0.2858033596262
39011040900,88.5309606417792,0.507367274313576,1.56293954107001,0.563592258005796,-0.214811858750464,-0.220228509972959,1.5132764986041,0.109411074511015
39011041000,91.1546091582957,0.622162315756166,1.63986512023177,0.575341107871491,0.145350920140809,0.536971443706288,1.69327334248062,-0.617064979765998
39011041100,86.7914979540692,0.573906816085063,0.753725545224386,0.711717316664774,-1.18740852356492,0.332784014783823,0.838738148857667,0.498810846895775
39011041201,84.2913890743331,0.399605945302062,0.504704835173697,0.305292662981532,-0.708544748171605,0.659115357231801,0.0918772108502387,0.570606781448518
39011041202,86.2270296953508,0.405578757737523,0.0554447355258037,0.275156349697816,0.380753307782384,-0.100553691003058,0.860423803309808,-0.0223192380256943
39013010100,74.6342175459947,0.488419822404588,-0.182448207825454,-0.246339132916918,-0.321499312403665,0.956247660926444,-0.443369302600239,-0.519491182432515
39013010200,78.7083362994553,0.487184766898213,-0.499498513664173,0.244647509184664,0.107458676274487,-0.0620233493872675,0.257209675946912,-0.537486953342688
39013010300,79.4612174591789,0.644084078420659,0.211025091732951,0.730992512494649,-0.96531802036891,1.23508406265881,-0.781122499985384,0.0931395764195124
39013010600,74.6986590168134,0.506834202743687,0.0930535534189693,0.581389956382311,-2.16881335923934,0.364494308044212,-0.119528955287922,0.00685366940030258
39013010700,81.9483338949229,0.648451050421402,-0.061962826487477,0.504992227763647,-1.45552862561145,0.692014233092796,0.476324308555145,0.0283621341431906
39013010802,81.8232998622875,0.577587386962807,0.138370635704784,0.341341197708649,-1.21213580356869,0.7909321612649,0.430435029142685,-0.0633809403125895
39013010900,82.562224304435,0.612522102707331,0.155551765657519,0.505914769125881,0.778802523964197,-0.0843118270840095,-0.398475732598559,-0.477918623156512
39013011000,61.926077363403,0.565331542930766,-0.674441691414466,0.272443965340432,-2.59242678529577,0.48348497326524,-0.940827663161234,-0.263008361821899
39013011200,72.5560259462982,0.63764599177125,-0.378781717667273,0.732037400903254,-2.12840489316754,0.568558127374942,-0.486301363310089,-0.0571732032585978
39013011300,89.3991831993296,0.495872523488993,0.314263341846556,0.422695264548168,0.463812750428165,0.582484521779949,0.227693243300598,-0.0676876176136865
39013011400,80.5493983942335,0.53340204910598,0.147619685678642,0.478278473746404,-0.624043487924953,0.0678467742783352,0.279307522623127,-0.358701315839951
39013011500,75.4584069429311,0.45385010922558,-0.298875011111909,-0.140687049772639,0.847825454312337,-0.785856234759016,-0.144277472980645,-0.0922889764755061
39013011600,57.6826754129083,0.405762825177857,-0.51943752917063,-0.985747361352625,0.374285801519175,-1.24723797225957,-0.655110015012071,-0.970255787774741
39013011700,73.2155211001786,0.295576437175788,-0.578189498055937,-0.632894229879729,0.956765553184164,-0.836879894953279,1.01495319249074,-0.367949905394242
39013011900,80.2139052184179,0.309373091871833,0.117896560168153,0.965302200791662,0.224608967117268,-0.312236765796383,-0.116713206290113,-0.417269571725786
39013012000,65.5859169841537,0.429110617634851,-0.0222908194729074,-0.295815283534208,-0.526356602903726,-0.338057771217167,0.251382333515525,-1.5026366764568
39013012100,63.8987693275097,0.264168841583166,-0.255453120657444,-0.621034523451259,1.73242687054993,-1.4306261216565,-0.509412894821647,-0.544917133464777
39013012200,80.108265490117,0.647204596196017,-0.0708380009944551,0.705175691197046,-0.534938842196395,1.64610687060657,0.0352863582571176,-0.855424060280472
39013012300,94.6392013847583,0.598775754083193,0.432016479049888,0.505410462080834,0.80667718455819,0.339607426150755,1.03802234336123,0.311247626096395
39013012400,92.3275866575954,0.601873084244329,0.4352117746417,0.22310435397179,0.585925325625,0.260703029482378,0.94749199253363,0.24181230940179
39015951201,65.3768209963189,0.553688281592671,0.150029587943057,0.283566839557769,-1.85039202189007,-0.0876914759291634,-2.2318819972932,0.83053861341125
39015951202,61.5617546754211,0.366875665717612,-0.219212739577831,-0.0979173793988114,-1.41735047513917,-0.273060996978925,-1.54959473994196,0.0092540516720769
39015951300,70.8280829700993,0.0155750996049855,-0.353074928304204,0.0939923417776236,0.140601666039343,-0.308964997292807,-1.14744623649743,0.267857645024694
39015951400,57.6507058102121,0.479867956187159,-0.0117905840876573,-0.534591958027263,-1.49454533966913,-0.65826765308298,-1.91731046499649,0.20097288153526
39015951500,56.2007933411948,0.546181942186198,0.106352821919257,-0.0757886641138533,-2.41333311626099,-0.568869687264679,-2.18926383097087,0.320182042858054
39015951600,72.5396543454314,0.52528644229154,0.262416967583788,-0.361426647415029,-0.08278905304169,0.405046044845645,-1.94821104246754,0.183048146179901
39015951700,76.063387063775,0.604137219786585,0.501160975732146,-0.423470311706916,0.00694259570664759,-0.491089880947703,-0.575550934431131,0.177421332099848
39015951800,56.8985135664276,-0.0256897778706883,0.0224070760328223,-0.900241739569418,0.437697707560638,-0.745654091013202,-1.96539515702053,-0.711726863355133
39015951900,59.5209923158354,0.519171695386798,-0.203642475391962,-0.0258793517101289,-1.88705873927609,-0.114817495246094,-2.46247723050392,0.188520033816642
39017000100,71.7271574785412,0.238076266185309,0.192375897525785,-0.175266085442365,-1.58366684524428,-0.232464543211006,0.309387911720822,0.0572508511725402
39017000200,59.0781199785701,-0.299195178505808,-0.235281169587271,-0.227812772918908,-0.92323893792712,-0.825223406623537,-0.525077627544352,-0.461544852494668
39017000300,28.2351533107749,-0.97835680869096,-0.936765250088106,-1.90677393931636,-0.722472949787881,-1.78283140484017,-1.08366677368225,-2.09151877610999
39017000400,42.0514737807662,-1.95595742073906,-0.899889622782093,-1.46672815129575,0.935344248742152,-1.42119081181111,-0.128135261794582,-1.84193445194795
39017000500,37.9563726985011,-1.08352094072717,-0.525102084561156,-0.905889151255555,-1.05321161778352,-2.10356759361075,-0.836602181128685,-0.988067372506475
39017000600,49.1348935222544,-1.0077011937323,-0.130705605332846,-0.949133991783538,-0.576815033476116,-1.31921816048548,-0.547544748797405,-0.893150421753215
39017001001,64.7449808319223,0.167456427712143,-0.40945076419022,-0.112453218251332,-1.09214506270134,-0.646233324864519,-0.284968027534688,-0.0212752299600523
39017001002,67.3799192520225,-0.287986057259599,-0.290408318107133,0.0213843409878598,-0.151555914491361,-0.310298460401083,-0.799579938999726,-0.248551017493109
39017001100,54.4104063773359,-0.534255946137431,-0.777202640446781,-0.363255912428976,-0.580505319060305,-1.20692666526511,-0.612296744065655,-0.431401676513881
39017001300,74.887290632379,0.387577879350395,-0.155749806253682,0.0240944076184465,-0.873027384148486,0.037784647037114,0.136848269699454,-0.138776783826485
39017010101,62.8906301327615,0.450834381629875,1.07762214402688,-2.32645586113597,0.0923838673067591,-0.0917232955972192,2.11890559697822,-2.57758025347979
39017010102,83.2474041604269,0.438899558096389,0.933904906535528,-0.0514524208143652,-0.280829648838211,-0.322796738145693,0.489699021318913,0.579593115370551
39017010103,88.8146794638372,0.608001740567113,1.35575762993603,0.171821428555785,-0.451216798175277,0.368401279208908,1.2926673806856,0.0545690426818953
39017010104,84.5823460867376,0.659788676562873,0.366069409406661,0.222198952767463,-0.759904621749464,1.5890644633471,2.83150553858482,-0.524593860630219
39017010201,89.2218734785769,0.690416820067235,0.844644523749314,0.305298326431337,-1.07840317890202,1.06914595535106,2.73163449960752,0.529484303383581
39017010202,83.832089141343,0.343332620365284,0.491774191202861,0.550222724762433,-0.844668584169291,0.808530008678691,-0.179018238690293,1.41982489326676
39017010203,83.1857282475834,0.576165003257847,1.00408512439114,0.337649391254037,-0.730763364360062,0.847134211601068,-0.668612889439478,1.02588632089898
39017010301,75.520931191568,0.519366807721762,0.0152534798945127,0.60039729118309,-1.12712155039473,0.129544798488792,-1.00368023333484,1.41783127069509
39017010302,80.3561268151593,0.488334000604587,0.146715127552732,0.432675910997216,-1.72908864059645,1.27967734564045,-0.117380047981813,1.10411992512377
39017010500,60.3929411869199,0.218200857733186,-1.16374332751748,-0.411593642480019,-1.09121056704811,-0.690709977691226,-0.400822261031059,0.362773840998838
39017010600,81.2120504480194,0.229058820398643,-0.0638176530149948,0.458894553111387,-0.924079362678608,2.69945101500745,0.151827565463671,0.3570001641662
39017010800,84.6586745551771,0.313308759222646,0.903801316333539,0.958503068300212,-0.555437616249252,3.2876692338757,-0.463666073433851,0.489878857070159
39017010901,81.6165676246473,0.667903084978982,0.242074983173596,0.214989143538999,-1.3904509321715,0.132228266991254,0.43259866698502,0.466074294031889
39017010903,83.9465568128556,0.692823085166873,0.778678339222007,0.328477498868186,-1.24735690884952,-0.25621417286507,0.600485841809757,1.02987662530661
39017010904,86.419743228008,0.681948543648062,0.420996440381024,0.175664598412091,-0.772610568688591,0.0271405149283288,0.916022922622927,0.999119420455091
39017010906,78.302637979486,0.687863899608631,0.4076619866478,-0.181090536328321,-0.169791458080097,-0.193117714838518,0.310283175270368,-0.746331548732938
39017010907,86.5753271092458,0.664306549815152,0.466601873132628,0.466085551903346,-0.986755961580028,0.528445007524587,0.242486826335852,1.13788207426058
39017010908,88.1890995171958,0.637624229148371,0.932767658153126,0.0938678182032647,-0.340797011018496,0.420528209563743,0.304009937765008,0.508943692303787
39017010909,78.7984007194989,0.640843858949104,0.447971142382578,-0.0411443394922298,-1.05124145208828,-0.243827896954975,0.437833414540322,0.130078906019834
39017010910,80.8761708827119,0.692823085166873,0.987132041574255,0.342725681307313,-1.26839803020262,0.347903266386509,-0.718543174546196,1.27064393297794
39017010911,82.0143562899864,0.668038398570122,1.26142954740502,0.264140195951302,-1.3645325605408,0.180910435247885,-0.2609788736975,1.40944181650019
39017011002,81.9161867003306,0.338228833325904,0.473227359612131,0.549936432122906,-0.820796839136251,-0.311090902769229,0.31380847508876,1.72003052242877
39017011003,79.353487182757,0.494300805295937,0.773224989263538,0.856319351382485,-1.82667268470882,-0.524784717052326,0.423604399229428,1.92938066325083
39017011004,63.7446025578316,-0.721741345743734,0.629093989350563,-0.942631561038963,-0.734767583393394,-1.03511855595939,0.469355888000624,-0.132514397552603
39017011109,90.2856933920082,0.687987639992026,1.15571340949248,0.0301477469401791,-0.200110173125274,0.293062403325875,0.443987131039806,0.973217866239176
39017011110,86.6794740935415,0.692823085166873,1.39546404537733,0.848610132296948,-1.11878287016495,0.305426968365623,-0.159579846509139,2.49311558632676
39017011111,90.5062223277911,0.692116089526143,0.784695660029906,0.753164672242535,-0.662459086886588,0.283558230056028,0.373571851581034,2.18426876004567
39017011112,86.5002032852692,0.692379130083599,0.302706857161698,0.867385883831016,-1.52760492907207,0.559958204727814,0.302540357544013,2.53485296647764
39017011116,85.9974593719557,0.605999752539269,1.56287368834553,0.922809510823691,-1.18705219008388,0.0662996217922766,0.14425470162037,2.18576991533964
39017011117,80.2197068906378,0.466361283594065,0.947934848498279,0.776311337958372,-0.975514988559804,0.158528729451319,-0.710638266649455,1.28614963137447
39017011118,83.6564411335427,0.631761286453537,1.29781395517037,0.832591201418731,-1.02940042079211,0.132119675683344,-0.442019606149925,2.91100268581241
39017011120,86.0693133198823,0.358551132876626,0.947728571015804,0.322369109230171,-0.602207981077158,0.283677698796831,0.268452562770991,1.50398584012579
39017011121,83.5116678141104,0.5746055659213,0.41740212260616,0.938070620804345,-1.1058751802567,0.16683342332967,-0.12788852745511,2.62752061524077
39017011122,89.365132709013,0.692823085166873,0.571362811968344,0.745543221992507,-0.861669831270613,0.267561227164796,0.515202192637533,1.33668577681465
39017011123,76.1635095954601,0.691326523149844,0.259213835788963,-1.11980468104115,-0.14569551579788,-0.095663995426995,0.324727324392857,-0.43918744391786
39017011125,90.0651889342738,0.68693447445197,1.28028915388421,0.872089827458209,-1.04503526141857,0.631764785182735,0.395155386312287,1.56003775276845
39017011126,77.5311785927453,0.692376561221656,0.680379644447447,0.41280292934469,-0.858978202361765,-1.3463438401576,0.309823537980032,0.557569656405151
39017011127,84.6377459960847,0.691998402932498,0.699712346351846,0.872068487496693,-1.46659284471525,-0.0369243689911835,0.177355473343027,1.72641914550995
39017011128,79.6676575385689,0.689505751367923,1.42991090493052,-1.46023040766287,-0.31616120153281,-0.410374374984131,0.474071222052364,2.06831877509753
39017011129,89.568737650615,0.692194244727316,0.681157903423058,0.670764790592466,-0.954051833031478,0.700633529572433,0.320504473556614,2.22423510519828
39017011130,86.3521793729818,0.680121451496378,-0.216084895295918,0.844548402181189,-1.04041314180177,0.212529529478199,1.14125796306612,1.39625324382258
39017011131,90.4832464399897,0.689429786969766,0.636489281246149,0.233680804294348,-0.766809803856446,0.556055069965594,1.43234686116833,3.23623453819819
39017011200,76.6967876871416,0.150473857104917,-0.640633342036574,0.509663199746919,-0.436456946188694,0.248813178773345,-0.21647834079561,0.184447685320477
39017011300,77.2699181893051,0.360695966592704,0.30616075154139,0.553197177553856,-0.928592215880101,-0.37417186032192,-0.185140528903262,0.724911385129454
39017011800,75.9621029256967,0.686327918889772,-0.147388565373555,0.759107879936843,-1.06269521041326,-0.0686129689794004,-0.956236603849999,1.0484177140918
39017012100,80.4179974673774,0.23379869785056,-0.127662755915856,0.528748106074072,-1.01748761711226,0.919561794748493,-0.00704863157310491,0.743038172445541
39017012200,57.2354566888191,0.690066965305093,-0.633136870450504,-1.26483049299028,-0.889480422697927,-1.19622858066681,-0.467041140063799,-0.380070682419679
39017012300,62.2628850830286,0.690458911839559,-0.20198347353351,-0.240573586041578,-1.5299645311979,-1.86456315446189,0.29277266094154,-0.176743130932753
39017012400,88.3501715043344,0.691785326739841,0.52747031459419,0.876128469846702,-1.29776205014676,0.759067790689804,0.429515823115992,1.13755340208082
39017012500,88.0437311084514,0.692823085166873,0.213521325786663,0.598595244822552,-0.979749600710181,0.529813341419597,0.847779093303675,0.512100088238102
39017012600,81.8603150509573,0.690866464210331,0.897244923359523,-0.487754944024036,-1.1913588322054,0.419559065665181,0.454207446719021,0.519958563353822
39017012700,80.754559039689,0.689292283787338,0.202734671048611,-0.0195763367327833,-0.782396210423666,-0.282489012380152,0.602272412772981,0.252492464016953
39017013000,56.7437701840114,0.640168308844362,-0.918564601504216,-1.49137627004831,-0.911118919318596,-0.807329211196944,-0.0935181046218052,-0.65234772778861
39017013100,51.3425186057571,0.690294619789279,-1.02004898264147,-1.01938460096394,-0.581325583730604,-1.5664479486143,-0.500070615648352,-0.952860969588582
39017013200,58.3767441968817,0.686385445644849,-0.314733091538943,-1.07876239213064,-0.939564653906956,-0.802693775834767,0.268693792797238,-1.37200607508604
39017013300,84.7058296711376,0.692823085166873,0.931153815991932,0.556953021112385,-0.983232730415624,0.169840700039543,0.167374536732627,0.115664545960274
39017013400,68.8400132426322,0.690573960502803,-0.147368739098524,-0.26179522984361,-1.58041266740035,-0.734534730706948,0.489864953368535,-0.376265710410898
39017013500,67.1377199338243,0.689406331563805,-0.390226309550014,-0.184444610728383,-1.37432925335965,-0.580425140943501,0.268434313130513,-0.670909886152549
39017013600,63.9831842299705,0.692823085166873,-0.212611215525732,-0.938224344987696,-1.01317266426081,-0.22524641002464,0.695225626888641,-1.51206011380535
39017013900,57.5543672576371,0.575020687952713,-1.05005423599114,-0.909059209168291,-0.902431232172319,-1.73775162378883,0.0456320505945765,0.142282628452481
39017014000,44.6445722457364,0.0800228255780685,-0.908090331888706,-1.92534091980111,-0.861018377208557,-1.27565772504151,-0.622743644927364,-0.770151638942669
39017014100,69.2688963889324,0.579449679793479,-0.566921596878731,-0.29464145478361,0.019131877688058,-1.47630363357174,-0.00555863083563139,0.121251828484079
39017014300,76.2162490244534,0.392365592162188,-0.739041928996552,0.555892537123093,-1.04350320241283,0.253867487692385,-0.194299911773561,1.06493206236417
39017014400,51.3879530735011,0.687426023761382,-1.19824113874407,-1.42377895352357,1.33127764493851,-1.79040304491661,-1.06460560262666,-0.873677606325593
39017014600,27.1243468942801,-2.01897225733122,-1.05114966358018,-1.86130991498433,1.13159941980873,-2.26382740465621,-2.02488008153241,-1.48608847754547
39017014700,59.2413162201511,-0.63057392822123,0.0330649213099755,-0.447315989016219,-0.236993894605012,-0.455667363223217,-1.73517943578084,-0.268809580062739
39017014800,60.5162795651645,-0.113847030837667,-0.393735914563264,-0.0178948913748018,-0.775261424718982,-0.801355668567712,-0.624782708764292,-0.47823313921305
39017014900,75.9199806878835,0.292161068577061,0.403829100782774,0.740692224971179,-1.21474857895972,-0.118680873967783,-0.18990225971667,0.0176687769156558
39017015000,78.294900143333,0.415877565190547,-0.175163559027957,0.86352641067804,-1.49616854113782,0.5935309464437,-0.293426154615857,0.678382002697916
39017015100,73.7869410166522,0.651893788305372,-0.30907982982048,0.10991258501972,-0.714309321961926,-0.275752891488294,-0.281822319666966,-0.136261149192428
39019720100,61.9667225848736,0.661531245886256,-0.519544072912429,-0.296359096972951,-1.81447079010122,-0.0891055949999726,-1.75086598009451,0.517358612264319
39019720200,77.4473007010581,0.65033785891945,-0.110704304959207,0.427650984593748,0.24498556687901,0.0758486721720155,-0.60159712752981,-0.807536665611527
39019720300,77.4527826909191,0.6431369729505,0.283723609027137,0.162488552307901,0.0671386888579905,-0.260018970776827,-0.762889680939474,-0.249855601004517
39019720400,74.4011875892381,0.627942771324616,0.0946482411743633,0.278875448849115,-1.48423142419884,0.204353921744108,-0.737517527700283,0.295743477405926
39019720500,86.5752499325924,0.668950117967011,0.293874453332173,0.0183394351563778,0.617849155366091,0.105778075725894,0.584390318739772,-0.460082815234342
39019720600,64.126969055163,0.657113195943296,-0.18882120639261,0.390378559250369,-1.65007664152778,-0.171272895970422,-2.21399211667055,0.148081363550323
39019720700,71.5442563560322,0.657410516266969,-0.319395780878771,0.279810903014659,-1.62172639285228,0.139287648787234,-0.843475300226809,0.35908731912663
39021010100,73.60096065166,0.507867059733662,0.728216571607356,0.100041379701481,-2.03535600563136,0.23738962166757,-0.699386919121808,1.02930235683473
39021010200,65.7747570679923,0.51936993761346,0.318627826184251,0.371571962664204,-3.3468767447539,0.109420680043941,-0.369638304262375,-0.274137742499447
39021010400,64.2174182396086,-1.29295022065695,-0.859080491401551,-0.26096199328442,-0.217309558963365,-0.483995600207906,0.78082047684829,-0.451986271543757
39021010500,70.9724849399917,-2.08496061463266,-0.0187517912208658,-0.524749641641031,0.278287617453678,0.277454517234863,0.640186422198561,-0.325329678578315
39021010600,65.558968372652,-1.92631170334485,0.122208591007107,-0.132342611682541,0.159442556635282,-0.41748074039173,0.119006125497476,-0.685551729812816
39021011001,68.8437941943661,0.495723724584377,0.023647602845299,-0.0519915609169058,-2.28106066716021,1.33544197042209,-0.919228301030092,0.41951498139654
39021011501,78.0876015034299,0.542332683111415,-0.0761119046295647,0.18679647147062,-1.70687796990321,1.08055238415165,-0.0955045504234769,0.523789422680401
39021011504,64.2163936353575,0.293084261820054,-0.431098328163256,-0.0349191095614094,-1.51964219783301,0.778622359990601,-1.88800471872239,0.299738284392176
39021011505,66.7686814070708,0.25427989484148,0.43295125084898,0.285444411783884,-2.83056676893086,0.22661605497063,-0.547889123997807,0.30401051887389
39021011506,63.5580504494689,-0.0248667205626659,0.460308614404513,0.309379021957904,-2.89227414645014,-0.378672213841104,0.0816113610469252,-0.17067390387628
39023000200,64.5011335729616,0.64250266156204,-1.32180327913441,-1.2981353282192,-0.643221951622625,-0.644812083811681,0.58817242461971,-0.0316998476815325
39023000300,51.5215652964949,0.616362060563115,-1.10026249358001,-1.86957489258349,-0.0898412125945685,-1.61189314348193,0.568327875821045,-1.40639949056241
39023000400,51.2660115710592,0.643962732410473,-1.03847267273101,-0.697635543916662,-0.297302519413713,-1.64581403520296,-0.635436648355249,-1.11813079350392
39023000500,48.96665640686,0.692823085166873,-1.19665452568483,-2.08067706364365,0.0172723781100046,-2.5650018071138,-0.046483159682452,-0.776033564349455
39023000600,52.3640163246741,0.692823085166873,-1.31393605020885,-1.10780624333861,-0.711339244233714,-0.891554963833292,-0.570258478707636,-1.01694724697729
39023000700,59.6121716633129,0.678172477751027,-0.924858249998254,-1.15697480612521,-0.481592196772665,-1.19101022506608,1.0172293759716,-1.0542835683118
39023000901,47.3441120559112,0.631703834825555,-1.69668389781896,-1.92779885357242,0.437545958006134,-1.82783438041,-0.50661271328989,-0.922409125082022
39023000902,64.7328584658906,0.692823085166873,-1.36471386347496,-0.893214207672214,-0.33171256087709,-0.937138452211129,0.876334639104097,-0.569068158184231
39023001000,65.8257341968434,0.306778875745762,-0.689687142941223,-0.174500631199414,-0.23502419474805,-1.59905174881065,0.57016626787952,-0.224365463636448
39023001101,55.4529404455387,0.689874501806077,-1.09453897996083,-1.31963795937379,-0.718132419571544,-0.827389569688519,0.591215481473208,-1.49137912183937
39023001102,56.776300281225,0.650699435931799,-1.12845872334948,-0.624583209415158,-0.321879600470218,-1.24303051751059,0.424064379289659,-1.55039804107974
39023001200,48.8250563056208,0.660796059409152,-1.51658061990639,-2.14152135253206,-0.239255008020034,-1.40314276080684,0.167498216679893,-1.20315464359574
39023001300,71.1536768110677,0.570994196791474,-0.731408738154402,-0.734532345988419,-0.0695059674623795,-0.324878690416489,0.459547381785767,-0.602665339906609
39023001400,68.2283313043857,0.661562950731892,-1.32619272620786,-0.36614902437459,-0.19307661648524,-0.0190063016381691,0.351818974239705,-1.03116605500905
39023001500,64.8650112038643,0.557006764109132,-0.879694066342809,-0.68856822991238,-0.280813900004989,-0.894838264421927,0.576059542100158,-0.760355374836017
39023001600,73.683749103177,0.347459790315339,-0.55169628234949,-0.166619444017637,-0.355359050136404,-0.235649519267903,0.38652055849397,-0.289951499174804
39023001700,61.8400573921197,0.691785326739841,-0.826270485190047,-1.06931774841546,-0.164501219200689,-1.21987230977415,-0.475452521900574,-0.234436278646876
39023001900,79.3083238141002,0.653281302132905,-0.310645559057992,-0.635982562954772,0.112037551664193,-0.151082752686979,0.429108135459618,-0.0317180125651201
39023002000,80.9142913104947,0.381235834209302,0.361074913426179,0.264987240720885,-0.933050541945098,-0.0453020794636499,1.28985629050194,0.0126749936720873
39023002100,72.3348973212955,0.565369204627965,-0.288928791191217,-0.381029288449612,0.0520642341898018,-1.48889409056486,0.28022370941833,0.391546043016797
39023002200,82.2305191976892,0.229124728671674,0.146680460190603,0.413317864183046,-0.335006195004894,0.22013545080246,0.0876121421886288,0.197096241643415
39023002301,69.8169549008451,0.428833697952536,0.434364836457247,-0.100471397237945,-2.19796700617745,0.636610729932202,-0.774679677074607,0.325139112922715
39023002403,82.1857296238272,0.642423602412278,-0.291653425350623,0.187224228097755,-0.386536204533717,0.0202194829567184,0.404077772364539,0.137376698687774
39023002404,83.0055912243202,0.692823085166873,-0.234663139839596,0.0117284449125852,-0.128820902350392,-0.293873197085643,0.347837836163978,0.496975501103442
39023002501,82.5293855329348,0.641266141077321,-0.0225857509864085,0.0312888468399304,-0.425639934120822,0.0576212851903013,-0.1072945265637,1.85409479466757
39023002502,82.1118423684318,0.383007099659356,0.383345214319971,-0.20928335476132,-0.820737863572207,1.50399884301676,0.30145709042004,0.602983113971466
39023002601,81.3787476878856,0.502778230256465,0.431512147838067,0.371851110988365,-1.7678997865622,1.28659941062502,0.0611401231933124,0.705896387398846
39023002602,88.9399746080184,0.577574964334201,0.794106663196363,0.265190668600624,-0.549421117990257,1.30805701857541,0.501803531683786,0.390874600748393
39023002605,90.4714815190995,0.490843682996811,0.669847371938644,0.383905726875722,-0.100868997895742,1.10237721325106,0.192695765791125,0.751940073483434
39023002606,84.8837899962516,0.447113828597092,0.404909148971636,0.415471306165846,-0.352676803604243,0.253214915631059,0.414199541699019,-0.0822501673114611
39023002701,70.381887312791,0.0840485230579055,0.0852486761386693,-0.561341852051955,-0.339111015424063,-0.36610618311697,0.675165678631713,-0.72699717304414
39023002702,73.774351586171,-0.0553149286168944,0.193432394858253,-0.0698824780585839,-0.192268113684831,0.154493462300486,-0.454292616482215,-0.325723398264739
39023002800,86.8594726763057,0.413965945363653,0.597552830670633,1.2464453231855,-0.743156836601853,0.86004075296193,-0.00320129943861624,0.971429043746879
39023002901,55.455246934066,-0.0741682208301119,-0.374972584355693,-0.215693651560853,-0.63832189495246,-2.45121022573043,0.261093016058842,-0.600209230445833
39023002902,78.8920540356126,0.156300416474886,-0.22057422874565,0.215905420495521,-0.503201474616518,-0.146278022866875,0.699737689823561,0.185163229975048
39023003001,87.9711633915278,0.523097668918957,0.379761665532273,0.573024832666643,-0.610968201212441,0.861809396097413,0.540404937569086,0.315607627739145
39023003002,83.6539636907393,0.4015902881565,1.1085430720082,0.180289083270287,-1.41328366318724,1.24005718239057,0.296027852370054,0.957137212842949
39023003101,83.0427232392942,0.43243542657971,0.355013350097479,0.390919653751064,-0.32029320897403,-0.149415855168746,0.0126310334805327,0.582964860225356
39023003102,86.712457198136,0.467605027185409,0.49883873809295,-0.0950966869449672,-0.451330661736459,0.45298923927379,1.14266092881449,0.561653095738074
39023003200,83.1534490225616,0.463192250679798,0.521663222077904,0.494064955223749,-1.29925399457133,1.43865994614882,0.176222550286971,0.290717001788161
39023003301,75.3318534862817,0.419271074228209,0.346743773713153,0.190309621826852,-1.81790631682042,0.926928187292416,-0.458549201588931,0.342907247670445
39023003302,68.2160719347599,0.290520552141289,0.440528895958539,-0.209833799378293,-2.36434784786353,0.432107346868498,0.0527505586603365,-0.439249229413709
39023003400,58.8682395603544,0.61451391101386,-0.937445788205101,-1.07207366505455,0.255313579971705,-1.16820074279515,0.217911353168067,-1.41940353379768
39023003700,79.5587189016511,0.67063269345847,-0.397966493863875,0.184876923593582,0.176004726003912,0.216132940897364,-0.0419345917537439,-0.701327476534505
39025040101,66.4076994963572,0.238730834019574,0.385923385075203,0.10743871128039,-2.24892029916369,0.604321036068556,-1.17503640516634,0.0925758146335265
39025040102,73.8891986565752,0.238897852456351,0.11070749533078,0.368197967178466,-1.40897798336076,0.557012264702313,-0.853612117159668,0.759225428355075
39025040202,70.6675896053057,0.349384273839587,-0.0437175006438705,0.58375364511418,-0.96835680815036,-0.407921046634845,-1.07603895239916,0.75117694964102
39025040203,72.9046853049185,0.114176864177999,0.042254711872423,0.947503713768138,-0.406202930176043,1.8945670088481,-0.412670413791665,-1.26116202833902
39025040204,77.3684894957732,0.0442768595966428,-0.211718305404544,0.66813646601894,-0.211938108943275,-0.363505519314392,-0.307053905828745,0.695104645917857
39025040301,85.5237888585303,0.55337784553236,0.703985528703307,0.558787717114683,-0.35516486774449,-0.589206127708999,0.43253612004848,1.87648435161554
39025040302,87.5817216401492,0.49529598362453,0.528123239294586,0.24302421018515,-0.138712637114162,-0.132658320682816,0.55332581156657,1.3164467361251
39025040303,86.3971588624774,0.628986536284031,1.74330554165747,0.369619396650955,-0.736360990895273,0.00308852044491742,0.12240866227807,1.79388592800896
39025040401,89.7939473167007,0.437155249944286,1.77478812778622,0.251717629742256,-0.178624184959975,0.233139211529577,0.436748473556696,1.26883024493
39025040403,78.8134636484215,-0.144810941562212,1.21392661420852,-0.216746443658908,-0.145963549960418,0.101693764216975,-0.394439311451644,0.740310858402233
39025040404,91.3645009219581,0.567497934487804,1.70151143499147,0.487385536937456,-0.127988134405613,0.173584159507111,0.254502790667669,1.82767393636009
39025040405,87.9090925686726,0.51643540665453,1.53331645048296,0.407281878539371,-0.33326179903641,-0.0598139493624431,0.198426604215067,1.63300786467363
39025040500,83.6477956594778,0.0489653440572366,1.24451710109274,-0.218717429229032,1.09609133627519,0.173977029998378,-0.120758645141676,0.0640818410601476
39025040600,84.4521753035938,0.508541395687618,1.26774955552317,0.292577971933358,-0.169920757728612,0.00630445697372991,-0.494227591494282,1.16391695940454
39025040701,84.4687915717393,0.325427652619921,1.19911362296518,0.0421008598249122,-0.325489396635008,0.150916981370819,0.0601877713177992,1.0271018625559
39025040702,84.8509575339231,0.454973670064976,0.916089087748922,0.306844642806827,-0.220205817726467,0.0120731621079582,-0.130663509686772,0.688492248895028
39025040800,80.4340057293167,0.152914240811036,0.478690341967625,0.397072243782217,-0.305786442771278,0.574005422933215,-0.752363134636309,0.540806124632464
39025040900,78.962005461915,-0.0386652219311641,0.506551929072364,-0.0214048182655325,-0.0205391751297726,0.343356307616502,-0.428480620914109,0.0479730882009463
39025041000,68.4563985454574,-0.351801491793684,0.668907396900751,0.234401476129557,-0.0967966090066188,-0.864825693645729,-0.988108125606934,-0.0612848464388415
39025041101,79.9407380824887,-0.653683463579885,0.505323190634854,0.161991437792448,-0.219445720553847,-0.153886782777005,0.303779607821414,0.861090215226893
39025041102,62.3909321835155,0.0257457971858571,0.360554822587986,-0.523433890867662,-0.129153607114012,-0.165337219337564,-0.868153564373191,-1.22956618359295
39025041103,74.506971143399,0.140895528182643,0.517943132563273,0.0390103571096283,-0.150706977802794,-0.0739403030479282,-1.00392140337635,0.132277888733043
39025041200,82.5535779905607,0.178295972122157,0.935792984457361,0.300943913568959,-0.117010447496695,0.0566202868324576,-0.306358200055494,0.476612036280908
39025041303,87.4845395204698,0.471668462701267,0.957609721832312,0.127744725574099,-0.0991400227053514,0.215230277630166,0.23933321476564,0.560809772599706
39025041305,79.3916611683359,0.335810728438507,1.15930807478591,0.528827807636144,-0.377501432874002,-0.350067391595822,0.110138756869743,-0.415717382523597
39025041306,82.0676498576281,-0.798182265367603,0.252094624909474,-0.104171327789906,0.556373220740269,0.595228820272208,0.439719040290291,0.0213087393547855
39025041307,80.6020679617847,-0.273456295410552,0.805841637506404,0.115134165203951,-0.509752796778133,0.692429850987007,-0.207330972010121,0.694202903678796
39025041403,80.32867686497,0.261294023335419,0.596697354431942,-0.274796812765283,-0.137483799464093,0.0188371567515736,0.261149036085304,-0.0224632402457229
39025041404,79.7106721960384,-0.186492872562666,1.24862694971705,0.0455887493697631,-0.439437440760768,-0.113021127943352,0.145521981905912,0.463242463154802
39025041405,68.1748514940092,0.383242636429835,0.607598012977062,0.265889812783216,-0.794095113411324,-0.737661623982308,-0.313000954933034,-0.773023984997726
39025041406,84.5973926019879,0.354672839603246,1.76846078770768,0.0513388935213265,-0.361979637857941,0.113788961008312,-0.0831925157386721,2.40181751638953
39025041501,84.9861055153775,0.390435292346747,1.37325743169035,0.702399364442264,-0.707477619829755,0.132634862300373,-0.0838892641036864,1.18474260398532
39025041502,83.4916175416706,0.320331617000283,0.884958689202749,0.221828180191523,0.113505303116522,-0.170477347524124,-0.282965811461443,0.667003396364833
39025041600,74.8662450742741,-0.379096471493234,0.294482991053069,0.101952503864184,-0.37249530285845,0.719185565954396,-0.971615212259496,0.475735075287055
39025041701,64.6527972574271,-0.317179676762864,-0.111995519058407,-0.583741794752256,-0.569852548886247,-0.365893986064554,-0.84644945176222,0.49289548236524
39025041702,64.2844363947221,-0.118988778870897,0.381288099278015,-0.132994082325672,-1.79937319005017,0.477539816494702,-1.92610005342228,1.14263947313056
39025041800,69.178066331927,-0.799123420044835,0.220881229389443,-0.178531133993128,0.361455924100476,-0.287293047072285,-1.10439841382488,0.0749170726729664
39025041900,68.1772851437447,0.0302716084638864,0.501701728252753,-0.0811564298361224,-0.624071532264408,0.135437354309772,-2.17247683247941,0.839774285402729
39025042000,53.192490357068,-0.0527745034905362,-0.114470916989012,0.0548488548507912,-2.44405339046729,0.0627895827779836,-2.62872225760416,-0.073668547557829
39027964300,75.0311982294187,0.495146388615057,-0.0978356869201499,-0.477064635803036,-0.175829139952283,-0.739554841089597,0.668376263941882,-0.0484399291094221
39027964400,75.9979550947497,0.662454377331155,0.333882433121763,0.272124330840593,-1.55273535602378,0.523260818783525,-0.988507361128987,0.741525020981348
39027964500,77.5318419918498,0.133716768354771,0.10722751661619,-0.0845621416739278,-0.129868216162455,-0.098263751163665,0.313967860233392,-0.28130758404794
39027964600,64.1144191954768,-1.86801019162359,-0.114278334463767,-0.579677471399828,0.454310102169507,-1.03690901203464,0.0741472409527263,0.148497566018953
39027964700,68.1274477133118,-0.591267259064903,-0.0635313154312676,-0.532107912807849,0.25014275972033,-0.511356952899896,0.734755393613239,-0.946448277886089
39027964800,75.0314860820451,0.639318840727416,0.0542297043108862,0.415037688066185,-2.10174444333893,0.641284200233248,-0.559767132016244,0.45053637098333
39027964900,74.5575802981711,0.39560356509127,0.372094578682934,0.23168962557255,-0.0979540552995307,-0.144659001187809,-0.865627684449691,-0.385635747136925
39027965000,66.2546292087854,0.570202787377903,-0.119697244650699,0.091495194341863,-2.538779965055,0.164582370180889,-0.765286373746067,0.374886787190938
39027965100,67.085404576732,0.539640477019477,-0.442275334836784,-0.22323683978789,-1.85059192556343,0.00728407354712643,-0.389754435361465,-0.0303216792283994
39029950100,84.3893628188181,0.569135982635001,0.112366411331704,0.322419656681984,0.0782453254899526,0.991254226391366,-0.451201871767113,-0.0317361252565347
39029950200,84.4764546774838,0.388235806092824,0.69127384868692,0.030462563461133,0.361735615155262,-0.242515996892364,0.353396429859403,-0.000991153447400511
39029950300,82.7325324110198,0.601538316699195,0.384440098144659,0.376610556079256,0.329330476051216,0.728428874414717,1.32297257827517,-1.67883866489452
39029950400,77.4962222713769,0.650309063431138,-0.179863997061221,0.238616127999723,-0.791327574732676,0.00888655294028242,-0.152187505287312,0.00773756392359604
39029950500,84.0078761233592,0.176644906388235,0.0882556057638663,0.504031276881394,0.790793435383214,-0.205850766336176,0.886511537263313,-0.470404819128965
39029950600,73.4024298591891,0.293125409656787,0.233036908315568,-0.0367853101175604,0.485850984410465,-0.414924334243232,0.695583030201459,-1.49493642793564
39029950700,76.0875484931182,0.370207360908898,0.293582173862336,0.371869766450567,0.47980365334342,-0.320720163877636,-0.797702882497125,-0.480144390491415
39029950800,85.6984330198147,0.679475070091966,0.511225495061974,0.369808945720896,-0.907559282783019,1.29349099732771,0.344653038246178,-0.0100669708500041
39029950900,80.7852991607764,0.665589767847783,0.177002451503242,0.296207800720346,-1.33505010613401,0.365276094716487,-0.0226841974341851,0.416068579653072
39029951000,85.329118136614,0.669015243464185,0.288538210317165,0.52250300499374,-0.223884953810341,0.412574154072694,-0.336263433736983,0.181187258341069
39029951100,78.3681480941931,0.601249993450961,0.130994097546531,-1.00369280361989,0.667389600206378,-0.0393467527069131,0.345265453791426,-0.537370777580422
39029951200,57.1497844144726,0.612939645769953,-0.433904397507191,-0.364257769639462,-1.75172111363928,-0.00552071867684956,-1.13731064496695,-1.02526699651779
39029951300,69.5652220618789,0.651671294567892,-0.693621254832542,-0.257412439464425,-1.75870605250921,0.889448189321374,-0.470364659814411,0.0192697858734919
39029951400,80.7926590284555,0.665440617542241,-0.393417603908427,0.264511829495592,-1.49210507972227,1.23433868661371,0.637597918215293,0.113361720896752
39029951500,73.5813374963698,-0.0696917535124876,-0.00129676621197017,-0.296441321172287,0.329004457051123,-0.0446352511195413,-0.683220599786484,-0.00627551862141478
39029951600,77.7526541654121,0.598731510283127,-0.0920911995332559,0.246718218996801,0.208078796245914,0.942930225021944,-1.20188455984922,-0.418910162424652
39029951700,78.4417225599393,0.662716768402762,-0.58149072139585,0.188523570536314,-0.124193662886545,0.794305216073319,-0.806756932178774,0.0658531611079756
39029951800,66.4722886948079,0.688511427307099,-0.662947888176804,-1.3820050016559,0.838202709445047,-0.601323454207285,-0.408520772892104,-0.630087629510929
39029951900,67.8972793217503,0.692823085166873,-0.533474214356426,-0.246988702541933,-0.819317343310307,-0.556582957199771,-0.0885904303331118,-0.58971319977998
39029952000,58.5982559782036,0.466634240928005,-0.37587086943074,-0.272723287586642,0.717905396685646,-0.88653188991772,-0.77088858205418,-1.99492064119163
39029952100,64.874155826238,0.692823085166873,-0.709794773094248,-1.12861276780695,1.48134276101695,-0.623068563567152,-1.31137373349826,-0.327965766725431
39029952200,65.8190155180833,0.692823085166873,-0.804320397444902,-0.752223790538957,1.12126189530433,-0.81341536983705,-0.44673138967684,-0.890664823714706
39029952300,59.4822461590881,0.692823085166873,-0.73773352976344,-0.944234999220585,-0.503164043526307,-0.872089995648143,-0.146486464992885,-1.07033059188211
39029952400,79.2755404051997,0.681803978518743,-0.206573975771184,-0.349647088530235,0.0385538457727608,0.738403223445559,-0.239366420612794,-0.427086947566407
39031960900,70.6764549316328,0.675579424883195,-0.532062369066636,0.249844887548584,-1.38206934014382,0.85700163235168,-1.29456077875654,0.158654622573053
39031961000,76.6785145900565,0.631438312650524,-0.297557587298562,0.181675130387475,-1.69925260181059,1.04115853873101,-0.103397484225228,0.184679775884145
39031961100,54.8448604289133,0.643705160378465,-0.232098677669773,-0.000988694729575917,-3.25834318832895,0.0756915186960556,-2.19455585251916,-0.0590827964317744
39031961200,74.8256678411478,0.597513129356565,-0.605838124419143,0.0559969630329093,-1.24415854193115,0.706018886588698,-0.246949761789211,0.183151081189361
39031961300,73.0039646696677,0.0872569516511839,-0.182391604546161,-0.529013101806943,0.107317936250109,0.164270359791002,0.662695627025439,-0.988791055125248
39031961400,69.2909260744013,-0.227652398828933,-0.508937986096881,-0.532546684664051,1.04277380027656,-0.991223471831284,1.29495922589423,-0.621256758005675
39031961500,72.7019711976217,-0.273088830615098,-0.224722901326734,-0.240251148228792,1.38589177509353,-0.913904065488258,0.593836431483427,-0.417309189599858
39031961600,84.1474653512597,0.248560092284623,-0.0153494508800917,0.37333794478251,0.379901136470246,0.213766531701627,1.7366887373062,-0.643877092683424
39031961700,90.6207237687825,0.434533195594495,0.126531287259066,0.269635026826498,0.368341604423561,0.605716881192887,1.29687404421357,0.145257961709172
39031961800,83.6084947815553,0.567243935839697,0.111309830867343,0.173274770681125,0.154525489213165,0.218417896933172,0.212480315576134,-0.436106353259586
39033974100,73.9095813942161,0.607437045337318,-0.0237212031747986,0.227046843414985,-2.52037002954677,0.612736732204997,0.345629561112101,-0.0147618133858853
39033974200,80.0433041254412,0.529013062443074,-0.0620873253553101,0.296408184216,-1.37466176347723,0.62169362682315,0.296499195252295,0.170496460537401
39033974300,75.8749771565708,0.195081850301979,0.0908066291862264,-0.216053858333205,0.0191682087000695,-0.137328582836286,0.644553482042347,-0.763660185236369
39033974400,74.3255604290146,-0.900224377086562,-0.290476732929299,-0.26547115659798,0.251512593277777,-0.449578045710429,1.69011762001914,-0.0144998568549267
39033974500,67.3262124298231,-1.97188206856472,0.0268561627438806,-0.380463721784545,0.912217088248201,-0.698067319492975,0.47135575610009,-0.387514225745442
39033974600,69.1926467391251,-0.217483869028258,-0.110807723759527,-0.000496052083731088,-0.0733236674716093,-1.02361464733953,1.37383482330508,-0.790199622153464
39033974700,78.6960432354843,0.510815543732817,-0.319003910764138,0.331554129661419,-1.89198813719698,0.726226906099829,0.755781635911148,0.252073316705332
39033974800,63.3371373070574,-0.214043239549844,-0.221470420532379,-0.804722613341065,-0.25657086217703,0.568077176250476,0.164720989305419,-1.74750437989509
39033974900,77.1892368593681,-0.195211404604218,-0.136747713072988,0.0878729024718084,0.39130725244237,-0.757593922303312,0.764027782663754,-0.0245356107694612
39033975000,79.6890387842478,-0.190324190802575,0.11165572904524,-0.0173827891223163,0.292614340440573,0.128642663166888,0.266488902598071,-0.275670178971555
39033975100,75.3082554654103,-1.08994458116333,-0.109046554167601,-0.0347989338772167,1.45566362686957,-0.258694287398807,0.460385634132573,-0.344015006455698
39033975200,78.0639198428701,0.234586658688145,0.340922387962571,0.312829416331124,-0.579197511979601,-0.307712879995584,0.732465059448564,-0.372034647524098
39033975300,54.8127046601587,-0.684235062268698,-0.560979832058874,-0.59964246473989,0.33561677778341,-1.09427550379289,-0.86296259995911,-0.880682335927478
39035101101,40.8966840203175,-1.73207645903431,-2.28837722335168,-1.79702126022308,-0.149607676000933,-1.45273949925689,1.69336589320861,-0.672889601517513
39035101102,72.9049183844071,-0.0678948951694595,-1.31232093108727,0.16192753155572,0.350343165959808,0.335769323689972,0.24567747990602,-0.688984254460445
39035101200,43.195294702369,-1.21658973791682,-1.67511636123954,-0.780109630706858,1.12588468634063,-0.210361434146606,-1.16792428404628,-2.73064631882944
39035101300,44.9471712317362,-1.10557792731498,-2.08942644078301,-1.31164991741013,1.0395598201211,-0.916775683134948,-0.12111856781322,-1.33470102288531
39035101400,57.2160645486322,-1.88278535733878,-1.75103328342893,-0.720489903990017,2.01054685401404,-0.818109104438336,0.549282195108281,-0.483826837359348
39035101501,35.0211217937022,-0.581505290442042,-2.05946972964466,-1.32509925380983,0.226791279503288,-0.611147666155137,-4.62311876408698,-1.1197856125921
39035101603,41.0582382860715,-1.15315055077789,-2.29483792879141,-1.84181675812897,0.211215871531024,-1.21860543816575,0.604007611098233,-1.21849946764863
39035101700,18.8571048370804,-1.64252263578972,-2.07663982077228,-1.53491415148575,0.707785388040964,-1.94910627085342,-2.31992553539606,-2.79992298536993
39035101800,23.2883117032137,-1.76597374836509,-2.22254478168613,-1.98962262310391,0.389284475452582,-1.37083385501391,-1.93029866471413,-1.71439309525879
39035101901,56.5122348141951,-1.41192048188521,-2.2520203281544,-0.206114088939466,0.89719367677104,-0.66660512532488,0.245391349879979,-0.494713769334284
39035102101,49.4991944698229,-1.25280071516737,-1.91697082138758,-0.264746350392755,0.424793407555391,-1.136616322252,-0.367768191706559,-0.96988571716485
39035102102,60.8308763370131,-0.520794000823608,-1.67600047300827,-0.201154689115159,0.213037102384771,-0.89022208146484,0.108802808348624,-0.507885708767844
39035102200,65.0274269329766,-0.302924390542104,-1.73607295794077,-0.195233048678012,0.310979067765011,-0.553859187113308,0.357577208547483,-0.502348211554887
39035102300,51.2418227832721,-0.446316709575441,-1.94341546898916,-0.866541561449797,0.0852224194682301,-1.23198031275853,-0.0631691753065009,-0.685624369273253
39035102401,51.3029050106243,-0.73853828941755,-2.08804263274619,-1.59050607368368,0.158709117222439,-0.423323725669146,-0.21400299372384,-0.536745794375533
39035102402,33.0509921249834,-0.662392418128606,-2.14390985544649,-1.77459400588479,-0.373440860530623,-1.15254813093857,-0.828748508761959,-1.47224181576618
39035102700,28.4180622891722,-1.67779559916027,-2.56193157230788,-1.28860605131525,0.628979656915166,-1.44569403409888,-1.65438052792651,-1.1883108744404
39035102800,35.6224083731585,-1.02886212371071,-2.59491179311419,-2.12753405383453,-0.0928069534339768,-0.637131423031826,-0.325233021401399,-1.21932003499958
39035102900,45.6676757525384,-1.27438278219167,-2.36600246777988,-1.52198589379455,1.2548163925971,-0.0649471913825381,0.0118798675383146,-1.5921437238009
39035103100,58.7148046946692,-0.689786444420256,-1.48677542686386,-0.712075882437894,1.04391522873105,0.99286909314096,-0.227843713585154,-1.82399928217277
39035103300,39.2338397901333,-0.854172147893839,-1.41439545599201,-1.87434215354506,2.59568746301678,-2.52891481920086,-1.10515279323486,-0.618449668225971
39035103400,53.7647151472217,-1.31975358803727,-1.65243895528964,-1.22468898188406,0.0118329419449961,-0.28020435903298,-0.552878562565115,-0.224950054114234
39035103500,66.2325843716666,-1.81202967090272,-1.64228498195467,-0.333332957433945,0.377300081395459,0.547052502799971,0.471498328381386,-0.335718000658271
39035103602,58.9089894888618,-1.88763471556685,-0.987761754745085,-0.151298949606029,1.71684553134094,-0.118101855244955,-1.1444746871568,-0.515397021622827
39035103800,58.8238659509042,-1.58869057790828,-2.38927603842682,-0.728180061236291,0.800886145467101,0.129492741322888,0.514091446793665,-0.350952496479659
39035103900,38.6839937288653,-1.88290349469499,-2.15405723683121,-1.22939812059427,1.15834632528601,-0.23602715853741,-3.60752248385145,-0.534586937406388
39035104100,41.4000226813907,-0.865781652931925,-2.2309049459401,-1.49799063873191,0.91955784008503,-0.657530138143325,-1.27177706951588,-0.977656587718226
39035104200,54.4398962574204,-0.728803457428284,-1.31952800556339,-0.524214921749998,1.30685682747508,-0.351280256160363,-3.57480005868217,0.140646955862223
39035104300,62.5915750476446,-0.377904172997488,-0.826483624460726,0.404446811357959,0.595272880353873,-0.710885760862645,-2.9746082420249,0.874646527933131
39035104400,62.0756960559387,-1.04408203334367,-1.7937931891695,-0.249743765100413,0.555731645511662,0.856047761910503,-1.03215352292977,-0.269895440228936
39035104600,31.0974807806445,-2.86988924391822,-2.74698506960968,-0.57072708722906,1.17497452121693,0.105907774286696,-7.18971188165565,-0.924496619291576
39035104800,43.4724200182911,-3.08360171459757,-2.30739410174394,-1.16130842143613,1.71043310990794,-1.04412013234767,0.139917245669825,-0.533317661899999
39035104900,30.2570314934815,-0.995303233471879,-2.31819315267375,-1.30203632931956,-0.0209585520584552,0.474478640089846,-5.92453650890355,-1.9904749982152
39035105100,47.5930060698679,-0.950369063876466,-2.02606062322632,-1.0967919854444,0.614079362340856,-1.54408070323936,0.253910192935168,-0.858490812142916
39035105300,36.468630966068,-1.24380304840594,-2.37368256272622,-1.02959261021285,-0.0411692215359858,-1.9246202930188,0.0663817632799139,-1.07791415074884
39035105400,52.8151866565688,-1.02515047929727,-1.94015362427291,-0.471546951383964,-0.196677762929798,0.216944875005801,-0.632644858973082,-0.872247835872515
39035105500,50.1213701450458,-0.621439559229139,-2.20863446515435,-1.0321340493044,0.0534373811040511,0.638687203890654,-0.964865638857095,-0.972524115819316
39035105602,38.6291308140496,-0.699584812120436,-2.34806437560709,-1.61749886582114,0.362726750620013,-0.0553170151689534,-1.31682867643394,-1.66652986155115
39035105700,48.1994119169484,-0.371277930539727,-1.77943387592171,-0.445825174104425,-0.208473995500139,-0.245841826994146,-1.92273873757794,-0.872698882638781
39035105900,72.9747518656005,-0.0511513898827031,-0.895354001221867,-0.342788208279187,0.5353197951328,-0.238218103354539,0.11324999922455,-0.107556979671945
39035106100,68.9201098193656,-0.338999610709304,-1.14746392511784,0.0808084660272611,0.0189816612445227,-0.301073505079033,0.121121846964944,-0.397508199825508
39035106200,67.2479549162472,-0.012540667837294,-1.38934606682337,-0.201253273435077,-0.182448096146312,0.25181438059269,0.086412361864606,-0.675683637231799
39035106300,55.8117421195563,-0.641007439766547,-1.76410696059125,-0.388159812824685,-0.000324577738831709,-1.3648068121683,0.434357316483903,-0.630411979777291
39035106400,64.1124738803914,-0.49515004202407,-1.56368955154104,-0.52715010577499,-0.296053112707061,-0.238216179873847,0.748177934202984,-0.400428295696666
39035106500,75.724485292632,-0.296688296415448,-0.874240901727576,0.118812030859045,0.620889277238398,-0.0598438504241338,0.649646971267615,-0.481977718855523
39035106600,58.9793074313981,-0.27762954492758,-1.07413906352388,-0.411758974232218,0.988286765239592,-0.514309747415144,-0.730417463511275,-1.05892816584423
39035106800,54.0951248329408,-0.944622436099938,-1.762130366283,-0.62306419778991,0.714741195615443,-0.403135241893748,-0.738299762877042,-0.8407793440433
39035106900,64.0916204679778,-0.00905392971045163,-1.12598421942743,-0.494952728968527,-0.109897529946905,0.0447996022365208,0.76803386581857,-1.37829391106642
39035107000,72.0823972461187,0.0984487403496387,-0.766785997586819,1.07663177269041,-0.390001431177257,0.363513054840401,-1.31853833840203,0.329395599419928
39035107101,83.7794402793523,-0.786957968448291,-0.472495913417076,0.521735966569025,3.12058190015923,1.11445743927365,0.357824188538714,0.0549571256136375
39035107701,33.4966691649297,-6.35738748246896,-0.310092928216436,-8.92854931087168,4.88145863659939,-3.40367041063683,-0.537075990642076,0.421826442257299
39035107802,21.0426141753692,-1.19741411290435,-1.4323891634011,-2.90023819958898,5.12993071433298,-0.975652114275232,-5.81094093477717,-3.38215214471885
39035108201,53.4039074770351,-2.38701958585367,-0.585979028643693,-0.271125636834267,3.86727763803121,-1.06470587032011,-1.53504393511031,-0.0760231291904239
39035108301,57.3734705729677,-2.6336125054857,-1.7224994427773,-0.508822207591277,3.66395861552696,0.117276215663491,0.252433217453694,-0.891037142602818
39035108400,48.9235313129927,-0.749776935611924,-1.78245122974114,-1.03101790026742,2.53224462137666,0.212876532082238,-1.44698043637391,-1.44835422301026
39035108701,24.718227432519,-2.33080361681841,-2.81242903730284,-4.09839454936431,2.54760431341835,-1.20783466605924,0.080084938151721,-1.6788845357924
39035109301,11.2898440715392,-2.10951226182896,-2.78366248322682,-2.3239998714312,1.3028043012305,-0.942078617597575,-3.02654581048647,-5.55873663507171
39035109701,23.530891006704,-0.695961073678007,-2.5757227581116,-4.1995117227975,2.19338141223016,-2.33919690488599,-1.88734866285671,-0.52187662569847
39035109801,15.0570148786244,-1.3652645749827,-2.82316732563308,-4.02735053202057,2.14169599205159,-2.66953765924389,-3.70924412320831,-0.493779105878422
39035110501,26.8630913414973,-2.27588961850797,-2.69533494930362,-1.05850611253462,2.39233442338269,-2.99655960517242,-0.991015099955809,-0.756427120899879
39035110801,26.7536390587968,-2.29914437090525,-2.5170386670982,-1.24697810934807,1.63512017736576,-1.52829417277925,-2.07452595331897,-0.967701101350949
39035110901,21.7462355973683,-1.35576653874862,-2.63953953756773,-2.01201771683046,1.98496329326088,-0.664851829559121,-3.93055417699737,-1.97753285690448
39035111202,29.4418410758111,-4.39993656783203,-1.93304040570379,-1.53274665849948,2.1763802460491,-2.37350606693495,-0.838826600642604,-0.639016630330945
39035111401,39.0715794339843,-1.71636688553967,-2.34277999462785,-2.38027030901007,0.348581538348919,-1.34775194065205,0.72599007900883,-0.824241890697432
39035111500,37.0676490057239,-2.71371461925555,-2.13670683944212,-1.38757999212833,1.17710749629859,-0.648076985506786,-1.65044503251868,-0.645625163125582
39035111600,38.2296213627038,-2.27561974865528,-1.91627486843714,-2.66592598348889,0.482563215908366,-1.91246891228917,0.615867095260275,-0.517668714055168
39035111700,42.2724868949428,-1.86106120680273,-2.07190455183873,-2.30848102540924,0.12634614413763,-0.645207213908811,0.0958355404458878,-0.778648845886074
39035111800,39.6203464272815,-2.30416681226539,-2.23579377174507,-1.29551558233431,-0.222603043401514,-1.76527194432878,0.997761562707814,-0.502609987420632
39035111902,45.4241639770422,-1.04556021103362,-2.11009603435467,-3.44704691622581,0.200648868089872,-1.04263343487734,0.897117720438686,-0.382358554425643
39035112100,25.0539390979118,-1.00361865533506,-2.64164675115906,-3.23883729920378,0.315437306348641,-1.88766893899036,0.0521464124387989,-1.77494001865135
39035112200,51.9612355316252,-2.02618815902526,-2.26599734644623,-2.17636818551923,0.774331902392968,-0.0408454521336151,0.658264906242954,-0.202345760500111
39035112301,28.6695205309333,-1.01299008302716,-1.96760197500374,-2.89327106462151,1.20420922182925,-0.31109373255601,-2.25527591692612,-2.42253201170349
39035112400,67.9416779714443,-0.528249158079314,-2.01799577343768,-0.0970094125088013,-0.00375935430530527,-0.285581406190301,1.82396766717413,0.166374226360826
39035112500,63.9109128166392,-0.478699961357614,-2.07203972157084,-2.32901164568216,0.503704142566856,0.662742366045835,2.1652452474682,0.21661198312592
39035112600,45.585611102976,-1.56166956975845,-2.11734572142137,-3.24573194235814,0.121402408020566,0.061192405715407,0.2767739132385,-0.736596684703012
39035112800,52.7471048164348,-2.4915919841764,-1.93666973699654,-1.7708900528887,0.777958928013129,-0.206205388950639,0.908032822125268,-0.530211436695654
39035113101,32.5223247219209,-6.42379013298032,-2.1146941097715,-2.8526046934338,2.39461583028799,-0.766337145141859,1.75728860813205,-1.64308397717732
39035113500,41.4779490282615,-0.790707554467944,-1.72470748308929,-1.97946846053753,0.362696982897615,0.901767845574513,-1.42721409338315,-2.48495692791587
39035113600,43.9097617927774,-1.19487194167891,-1.77393135821849,-1.71715872978683,1.34827036041945,-0.980381080425871,-1.02507815245526,-0.776984429460244
39035113801,26.7899172595301,-1.82117723560545,-2.49895219676207,-3.22433787242471,0.701299370720348,-1.69628791956429,-0.986129097917067,-0.702524100536109
39035114100,34.0343393756834,-1.71377267426051,-2.40567821845526,-2.6679820620049,0.682895532663438,0.0917482163617918,0.125419770120964,-4.12086229125101
39035114300,35.0363028083981,-2.04467160297536,-2.23154121564276,-4.06275917957274,0.64318823412793,0.447997081834693,-0.169262161987251,-2.11999275405894
39035114501,39.1131611391567,-3.68789393372308,-2.06788241690108,-1.98956865416387,1.11075409050471,-2.13147953693125,0.938753671058431,-0.125341183586779
39035114600,40.2000438215546,-2.30395757482492,-2.32817934676953,-1.90782608568816,1.72379694078965,-0.999707637193032,-0.136048676097544,-0.64532581893225
39035114700,34.90169979342,-0.913763693613973,-1.80378206665376,-3.95666024868914,0.718081717569307,-2.13322389106353,1.06111599370995,-1.65053913526897
39035114900,29.0041057578053,-2.17554103750728,-2.26710453924233,-2.19912199309902,0.389849819417363,-1.47841673285512,-0.502154719449448,-1.2552169805138
39035115100,34.5988681438595,-1.84341983216249,-2.08315957711228,-1.50208825400848,0.317168527623147,-0.856334371105599,-1.48246917455293,-1.07079912101893
39035115200,27.2000161621243,-2.46278003333637,-1.93241229655482,-1.47627986847877,1.51250786704289,-0.908772526971648,-1.7877894702168,-2.52932320774573
39035115300,39.4490602786647,-3.63779870358422,-1.80359621781183,-2.71017401917218,2.5178939853579,-0.709466957157251,0.916644592955333,-1.28196457186108
39035115400,43.5687674783331,-3.11489898120491,-1.76722406450517,-1.49476090538092,0.370496701356085,-0.836187584449598,-0.175687809269886,-0.642851333811803
39035115700,44.6649877161131,-1.48454452100033,-1.96870698729117,-0.43681875639152,1.88117739099353,-1.47784510008697,-0.275884691021951,-1.2936610044389
39035115800,39.0653958030491,-2.10671390478758,-1.58373181958403,-1.40671612435035,0.510930142906621,-0.658838344348688,-1.38734789800687,-1.18133785359099
39035115900,50.5843704635092,-0.577241841154164,-1.09741002982579,-1.06661418553979,-0.0778970249740473,-0.434750307901461,-0.792176986193241,-1.1912721579656
39035116100,40.8666075468192,-2.89407900268825,-2.71828764856086,-1.82144969429152,0.976391440337007,-0.455744219739444,0.0998762633549822,-0.579645488196453
39035116200,48.630285686786,-2.27382310236453,-2.55834379605901,-0.906017748932144,1.26215924617378,-0.476535289715639,-0.228122102724405,-0.203562464436572
39035116300,43.0005339584296,-1.1306569594448,-2.50165204807769,-1.88665281797576,-0.067594287435519,-0.45250761591215,-0.509025393455656,-0.398754057105359
39035116400,38.0877545880835,-1.39298491580962,-2.14413647843763,-2.90464784529293,0.608055294756519,-0.424582982546576,-0.744517368828488,-0.995938319544145
39035116500,35.5424864895947,-1.79949373488621,-2.32060083081933,-1.62783397466171,0.177738866969065,-0.531634488727836,0.397316576206291,-2.91000905321836
39035116600,50.7004498246546,-1.40346737265705,-2.70431067387921,-1.61846734673258,0.196630448643525,0.0580932489260288,0.372275084515297,-0.337613088422143
39035116700,43.0156448132595,-1.12039745800297,-2.55851330607695,-2.19667219892249,1.9431727046865,-0.580635257891454,-0.429242281327937,-0.628302319953351
39035116800,41.2290041401374,-1.54333737482563,-2.60016374447832,-1.21656656170231,0.697405474439839,-0.425130593803805,-0.760978278893421,-0.952482395669278
39035116900,33.3679705735295,-1.96381782566015,-2.5501968691986,-2.9395757091773,1.40059673689594,-0.777867410550657,0.79897682107427,-1.95388395902951
39035117101,57.7105767907819,-0.594761883113221,-2.16930718156863,-0.721828892299145,0.690547455725225,-0.60281174959204,0.400251726240513,-0.641480034651591
39035117102,36.1779057192542,-0.874484828753001,-2.45725066495424,-2.736205326627,1.68303848363597,-1.29534389878562,-1.21712210130854,-0.316933748539182
39035117201,15.7939674092474,-1.54461265119733,-2.31157003068333,-2.37623151853502,1.00760300553031,-1.59912765326553,-4.82983165627255,-1.93588565679895
39035117202,58.3174481268221,-1.08257835136477,-2.08829087548073,-1.10469533567344,2.86661435663165,-1.03840673828218,1.42060722364357,0.0032682497893261
39035117300,34.1721909203404,-1.28800211028652,-2.58898752687636,-2.42707060443512,1.6617534073668,-0.858460999867074,-0.511822767130692,-1.26706902004057
39035117400,46.0622892005652,-1.59260627720439,-2.60061440792063,-2.05218350724415,1.76328510506014,-0.820181018709257,1.2293761478828,-0.579963300389454
39035117500,47.2432263240002,-1.11145399059336,-2.56682773825014,-1.01607896464324,1.6646430459774,-1.55944051663535,0.803801692958703,-0.637957916116871
39035117600,60.1607090553583,-0.947043823556676,-1.71204890118452,-0.86818910531804,0.707330771430333,-0.439605803181314,2.18369747352372,-0.962900170193925
39035117700,67.399491864236,-0.403438957587887,-1.07669020142294,-0.442983074533533,1.26169858460064,0.0765949492437496,-0.676949807373039,-0.315907694581044
39035117800,46.0395885764947,-1.07918414194871,-1.97203610069972,-2.0226446991074,1.79070673245626,-0.81963703795584,-0.37720173622074,-0.756458630920619
39035117900,46.7515629965363,-1.5836780654419,-2.20486384507705,-0.876677195977291,1.61490958006035,-1.25102009140127,-0.259311341005883,-0.636758596188794
39035118101,46.7825075875095,-1.05291330934308,-1.74610538563433,-1.91880067188274,-0.137692742149775,-0.1826668107077,-0.0708647564849466,-1.2686955027936
39035118200,48.8903378458844,-1.70046587730252,-1.84958619553177,-1.36337061940292,-0.053638988465594,-0.394715348592211,-0.434722015096249,-0.429662063211137
39035118301,43.2486403110559,-1.64602015586636,-1.32504226121731,-1.6179365614669,0.11143684116948,-0.333877535567783,0.140670716739585,-2.76217779055231
39035118400,48.4630031422595,-1.77295447923031,-1.92172310237716,-1.65541082362051,0.175027311991686,-0.407565246702374,-0.344434559585296,-0.387527653185636
39035118500,65.3008200207386,-1.22321932231856,-1.69775949640733,-1.51368750890148,0.588481157206747,1.44754366754909,1.30200543807636,-0.39358287467323
39035118602,19.846499146749,-0.977966092059736,-2.10700926404191,-3.70508812603864,0.220092336907724,-0.00527009600604686,-5.36303730348773,-4.24451772988587
39035118700,53.6257264212438,-0.30847025569912,-0.254323419560657,-2.25866007074338,0.928163299119725,1.14040248720131,-0.684545508260577,-2.64973931909081
39035118800,68.077846019688,-0.444222764772115,0.146995100776795,-0.861322763915273,1.24911296609577,2.12385507767469,-1.33797556516555,-0.658028444339001
39035118900,60.0847935585268,-0.798900622163795,-1.23680692465172,-1.72799749994619,1.30459312023751,0.364595977989303,-0.961692457982311,-0.117980208278668
39035119100,44.9707643159437,-16.1675549397836,0.192298406336304,-10.5453367792054,1.81715121484536,-1.95059165022033,2.78130644761383,0.378758978703732
39035119202,37.3875189811766,-0.139132239584721,-1.96478447161749,-0.925880006362907,0.105045334344472,-0.957994825500679,-3.56010710431876,-1.08168474216737
39035119300,23.1931052064619,-1.9523825282371,-1.68030331981729,-2.64977062184404,0.583096169445004,-1.19771879249299,-2.02179552095749,-2.37020624884406
39035119401,72.6561161191088,-0.61399162871524,-0.2815645715441,-0.298424432620649,0.448621344106515,0.136107756843528,-0.163601422863197,-0.426488393674957
39035119402,48.9889965240568,-1.72308512354819,-1.51760986496901,-0.979452160524021,1.03126260168554,-0.251762460705732,-1.02257868009574,-1.05160755515975
39035119501,67.9657567016154,-1.51274868031628,0.601050862634147,-0.520304691068931,0.887068104311371,-0.078555023596548,0.872370790913143,-1.4877910123241
39035119502,58.7856968922558,-1.48784290338381,-0.96820922349686,-0.328549883927664,1.07163129435351,-0.297816466249188,-0.708964569812565,-0.780330614202028
39035119600,48.2075110473792,-2.98645273718,-1.60047843412393,-1.17736059946815,0.362364684922354,-0.687973339818106,-0.316142660962235,-0.369491246654017
39035119701,58.883680869503,-0.925829513354117,0.184163935631646,-0.612286384189717,0.233440782003888,-0.329331361676447,0.553994215717706,-3.31933650384781
39035119702,44.0783430991313,-1.61342423139673,-1.33479988894362,-3.03469041618661,-0.395210380182751,-0.523149781342252,-0.0914087358230523,-0.531885239683056
39035119800,46.6448123696782,-1.12713814326031,-2.05568477817417,-1.51601437057315,-0.113881919141211,-0.0573810577755256,-0.188138640054314,-1.17453163089685
39035119900,57.4781550022797,-1.65777463923278,-1.07241011639874,-1.20650787363817,0.167429146230359,-0.495814035756886,1.33681133577884,-0.866690826816429
39035120200,33.0004652912009,-1.07871930759179,-1.96973574173934,-2.32978956158101,-0.127408445683561,-1.31179225442827,-1.35318834721281,-0.67321956244247
39035120400,34.3506795777918,-1.11298171702564,-2.01621742961439,-2.30790145251106,-0.22744883756632,-0.646302286838769,-1.01174137860601,-1.18706574985836
39035120500,49.9458509751115,-0.5805169195976,-1.55285288547395,-2.39259468177883,-0.210584433194445,-0.438872235512648,0.762781994050611,-1.08786779031615
39035120600,55.9923082733446,-1.07776346435584,-1.94284266980528,-0.617599152975741,0.606808361585539,-0.684954284648701,0.387995066032202,-0.821142334046881
39035120701,36.2699858149571,-2.04473009790058,-2.23103725375459,-2.04645636988883,1.0624796519606,-0.365831582930686,-1.47962572117838,-0.834997740022543
39035120702,53.5653853746854,-0.986589419896557,-1.80152135888062,-1.33544572054487,-0.225113067552092,-0.0257055825073421,-0.461421461916717,-0.344096512563369
39035120801,57.94973194917,-0.490966457684629,-1.88288781104986,-0.451960532715027,-0.0686179266024444,-0.451903947423499,-0.140882605676445,-0.534585736986409
39035120802,49.0859261884071,-1.01324327830004,-1.93953269581153,-1.90986167660131,-0.240913720362911,-0.68237302635535,0.664746442156924,-0.627823213871936
39035121100,51.3478871373508,-0.761497111342404,-1.9395649319065,-1.58409862324551,-0.0376064378582052,-0.581488669142083,0.322351049246326,-0.753038560128419
39035121200,54.9367776752584,-1.13151012696529,-1.8934131795231,-1.30075090185147,0.0959039710122663,-0.0418939884456373,-0.268862586989083,-0.401887052879659
39035121300,44.314942547524,-1.13149546991149,-1.89667554211016,-2.19766177700237,0.3291267057014,-0.487568433035585,-0.632966511385879,-0.821672745034334
39035121401,50.6438102037313,-1.05738432631116,-1.94920186575259,-1.86676754341713,0.858762388026105,-0.53150418654958,-0.101253898421734,-0.683972581345892
39035121403,45.5373350921634,-0.840371401194595,-1.82830346745438,-1.53452551553849,0.1836942266872,-0.960430214268841,-0.273629647874354,-1.08386751921087
39035121500,51.0014766727191,-0.929930623896175,-1.79398823430672,-1.60449729495302,-0.0275606090392758,-0.642942527452695,0.154373994442361,-0.718098184730977
39035121700,71.2087635115553,-0.65788875359102,-0.915887254400834,-0.399118018235452,0.417663962588206,-0.259191390129665,0.981056871837334,-0.385371110738623
39035121800,63.7349797682757,-0.325057640824722,-1.09943926433883,-0.892546507775691,0.0430330776976073,-0.473642920299221,0.0242939733849379,-0.272438772847714
39035121900,50.8650419474181,-1.81398645301899,-1.73891469904364,-1.08759833294448,0.6593668786194,-0.870901379611,-0.55868822092635,-0.145471190812191
39035122100,65.650973445354,-0.933168728903536,-1.29568973768507,0.144584002593373,0.512854625831647,-0.449733956755128,-0.164458636098012,-0.418908012508603
39035122200,62.2601543891137,-0.560616667099993,-1.77899163469411,-0.27248538136837,0.72394274831567,-0.793601172878535,-0.347029547632405,0.0598284318937483
39035122300,59.5038548230337,-0.795658243394135,-1.86054547023825,-0.74631702935683,0.337084732629919,-0.436197604814425,-0.307797627951416,-0.0284551425905383
39035123100,91.2297915736373,0.274797266740164,0.743897946337858,0.447093599163103,0.236798085071114,0.703190699481791,0.501808336175144,0.374763778268794
39035123200,76.0726596091331,0.170109707063546,-0.121544981799421,0.0571977538683477,0.377414846014729,0.198987088568427,-0.649618150045902,-0.334197118730304
39035123400,78.1936971763889,0.191843965828992,0.411230108336697,-0.0623756485249557,0.540152744845791,0.528650462715586,-0.675035700301234,-0.461662184514304
39035123501,55.1241118515313,-1.69871459808307,-1.5980361022444,-0.978838798061987,1.66683456359033,-0.597111135322325,0.286498049500185,-0.871276168166011
39035123502,60.7709646743034,-0.568111566588726,-0.614283978575176,-0.295659952790359,0.945747705766363,0.0890206820253752,-0.869289506660737,-1.47040385233563
39035123601,85.0793222262201,0.164198930220564,-0.00504313085600772,0.152763930295077,0.320402783772616,0.747543265806181,0.504351543116823,-0.201290302274674
39035123602,71.6429554141435,0.252184389333352,-0.158051686118859,0.157700092583624,0.258110591123135,-0.492040379578263,-0.658373152989311,-0.478441801513225
39035123603,83.0611022793153,-0.586904817712654,-0.142716946850746,0.296623448688611,0.841845396417063,0.160801560343518,0.813724750015962,-0.0883153876149628
39035123700,83.5109531265882,0.0704436981274828,-0.384558107258746,0.417333978473699,1.09586589679059,-0.27495453965248,0.387932319146556,0.388485943649017
39035123800,50.967153368179,-0.503737688126152,-0.978200207897616,-1.74199542127122,0.069440196794554,-1.62731602522285,0.31892607246329,-0.775912719395098
39035123900,59.7652904459716,-0.566461832543141,-1.23787884090608,-0.308471647420561,0.146026545304764,-0.282982977356139,-1.06154618422352,-0.414653422996138
39035124100,61.8675329119722,-0.289991613824435,-1.65053536304866,-0.798749786613589,0.19960236348046,-0.526278269012402,0.561275776565973,-0.667763065474584
39035124201,63.7177324185203,-0.703167858335608,-1.10301570466828,-0.730324940027885,0.735309716375743,-0.0846593435548019,-0.476372739098457,-0.477767870079648
39035124202,52.7417823878161,-0.747382223120668,-0.839385638352797,-0.439721371705778,0.529155466484574,-0.258984937122058,-0.353277120241897,-3.3591707305367
39035124300,54.421151172792,-0.399163246831138,-1.32072378424962,-0.80760759085771,0.189472303226628,-0.676311869444597,-1.44530377457743,-0.179100538972254
39035124500,61.0717793291062,-0.246938305569325,-0.953956332700076,0.439253488781292,0.527626611483931,-0.181908457767252,-0.866720069252864,-1.62839629674484
39035124600,51.1581939493071,-0.690142529884338,-1.76782846334806,-0.910722345173347,0.657769702857607,-1.39764847283786,-0.046172992917544,-0.881079749213836
39035126100,46.1029977678012,-0.525622643361214,-1.9095082458087,-0.897262733977362,0.620468483111559,-1.29534347818921,-1.29190687427735,-0.657606751655253
39035127501,55.9226273405831,-1.61866439107694,-1.60526948046911,-1.17863586923165,0.948616882485055,-0.810229454037529,0.146913362031841,-0.336471258172601
39035130103,95.8399513637566,0.67600100420956,2.2398377649341,0.489245326723275,0.759437504062842,0.5043471205165,0.119832435169866,0.841768688849603
39035130104,96.2391376708115,0.582343512466515,2.17242800326466,0.412619806542511,1.31591186638066,0.536215088158872,0.230338567106748,1.27310727908424
39035130105,96.1415469876498,0.638214699030239,1.98421207608789,0.668391557165473,0.455270649774037,0.521328597077842,0.626426458924444,0.287217564767383
39035130106,97.2492137202639,0.616577462060522,1.90404477557922,0.513386398829499,0.539532919672232,0.509428152266555,0.738547902559482,0.900651651494147
39035131102,91.1997245146161,0.231838280552288,0.537327121394278,-0.27094764195958,1.38601928574808,0.909635999086613,0.770925915394946,1.21655403452404
39035131103,99.8881226204084,0.61970377916289,1.60200681262567,1.13138162651582,1.0981458012034,0.846629198489874,0.64520074300381,1.41226834585694
39035131104,90.5572973959543,0.355530589876504,1.75346532059676,0.702512077252801,1.45702985619466,0.651846074945439,-0.693067313418939,1.63562309602547
39035132100,79.6997131779951,0.690236447183535,-0.559189068875918,0.891557658068591,0.970180116698046,-0.159978132879178,-1.2876304370809,0.301664567016358
39035132200,90.1668434141262,0.690161753887349,-0.303667256736854,1.28100546059995,0.773701647253343,-0.294253254344601,0.793115427310258,0.264331232680052
39035132301,84.7237093790189,0.692048429095391,-0.447979245683069,1.21881907875054,0.707938032092454,-0.670409828206484,0.623958141491932,-0.202687651351377
39035132302,82.6131891396124,0.634675468875384,-0.695683002092591,0.279983230995668,1.24200082275609,-0.176889056591115,-0.198005991290848,0.296929191235986
39035133103,76.1420911254384,0.692823085166873,-0.70999693486662,0.491313878948728,0.103046874987874,-0.619082252783524,0.199024229239357,-0.684814804433846
39035133104,60.2697124826374,0.690825322432235,-1.52445553921345,-0.286094368851098,1.59629239681793,-0.969253954044328,-1.68523686237339,-0.460387872463224
39035134100,82.4331968616273,0.692823085166873,0.580236783107103,0.301845154574221,0.654378220820015,-0.529948673169866,-0.977096936949613,0.770015820869132
39035134203,92.2295821396326,0.692823085166873,1.08987326926852,0.529003734464855,-0.0927541015656726,0.203575983793033,0.160850271694863,1.20755905476781
39035134204,88.0252546351501,0.692823085166873,0.707309128150571,0.269896993666272,0.516636871829576,0.163614123789329,-0.339308315840171,0.058775521047831
39035134205,90.4016964676653,0.692823085166873,0.989242117083217,0.81333350218766,-0.258431216885453,0.0821976155827033,0.113184213112504,0.679300992442754
39035134206,93.1119074278268,0.69118810026637,1.04543075630039,0.603127079154696,0.31988721451903,0.359028346100125,0.068324691587034,0.36761615452686
39035134300,88.0286760357446,0.692823085166873,0.828122025978404,0.15450700548947,0.974739284722641,0.91566027197924,0.592397549162921,-1.04423265257102
39035135103,95.2934243981559,0.609493688326462,1.45919062672973,0.868496467568579,0.30064138579415,0.628234986935868,0.102337245511747,1.19044239677493
39035135104,95.8296072630123,0.531599453234036,1.74691685786019,0.900062358529245,0.163577781203799,0.489785722309766,0.439565139463974,2.41903371087846
39035135105,97.3707432231442,0.551467525888893,1.87414751328397,0.44771494796755,0.863095889114546,0.719713189202757,0.457596189867768,2.14485365457232
39035135106,93.8571777672093,0.336481298343916,1.81571990460223,0.246079044703641,0.259865858838592,4.37635677107988,0.527930184302422,1.3566945958218
39035136101,88.9531585783867,0.633940883415037,1.32952686297808,1.30757483022495,0.170714143760136,0.582679616924442,-0.751650838800153,0.346461450339807
39035136102,89.6326937853294,0.632696638168578,0.888948451763638,0.832638745812941,0.938738746699896,-0.323156545182953,-0.207979035624421,0.666348250098745
39035136103,94.8281797207924,0.629118379488093,1.40680838019731,0.461625100457077,0.431914631461045,0.527561698731903,0.101517579862484,1.66139799991148
39035137101,77.856417891437,0.677088728213118,-1.2668758870133,-0.196909765597817,0.99282568570163,-0.428080123857312,0.355699140873693,0.0629545804564319
39035137102,80.2471171754886,0.691367105109913,-0.565208624705197,0.974804396797142,-0.122856136198195,0.279329527268746,-0.547380036437325,-0.226052856662736
39035137103,91.4098257037864,0.691026612153136,-0.209098886239469,1.0676184672307,0.399981423717336,0.355869327353566,0.554653716420827,0.0165098537294641
39035138105,74.1044046884379,0.692823085166873,0.0337338972797778,-0.137908183161225,-0.0538448693034055,0.267329761868931,-1.98230126519398,0.25674116986561
39035138106,81.1331600446401,0.692084799091255,0.219482692016596,0.374150316634712,-0.427414460859381,-0.854859965961554,0.270911836791114,0.555595023754879
39035138107,86.371430256122,0.690897065172368,0.17089310914125,0.850972345329065,-0.140494873148251,-0.328827969357309,0.00889020280875195,0.897570279801096
39035138108,80.1281437036949,0.692823085166873,0.0926180622285035,0.430576408681527,-0.786197354584056,-0.0622512932880151,-0.371942946213739,0.386597438121115
39035138109,76.7550830525422,0.686128295293952,-0.386350856067404,0.994740125822997,-0.0737668305841732,-0.034951764749886,-0.722473959724388,-0.555721768419883
39035138110,88.1010626686636,0.691889507420646,0.0355199573781081,0.837450849450038,-0.114049476578861,0.233167206708752,0.0978299042321277,0.228919905224526
39035140100,75.1376468118592,0.692823085166873,-0.936036780302211,0.639270957516863,0.0574344419744701,-0.8745253738574,-0.62168114394618,0.740250592501573
39035140301,72.8800611465607,0.691351567130337,-1.28813414842065,-0.996475992996808,0.0864449759560971,-0.461434092082224,0.645240161541704,0.190041325252428
39035140302,71.2500721185455,0.692823085166873,-0.467223503430402,0.406570329524796,-0.261127725067585,-0.269686316098997,-1.26720219971058,-0.383626199930322
39035140400,86.4629894690422,0.692823085166873,-0.133742467890734,0.392167641149498,0.422206732230423,-0.0307994961225956,-0.0186145733101335,0.0535206384293754
39035140500,78.0136485269869,0.692140333766598,-0.695721548034507,-0.438246524312999,0.0506630844897474,0.205682675580353,-0.0163421917186952,-0.162745055644865
39035140600,95.9913066613835,0.690359184256699,0.425942477282074,0.748332613081028,0.980598220290246,0.514937604584226,0.514599288956863,0.388106109087997
39035140701,78.2901979105164,0.691298789134674,0.0587664133998078,-0.838270942472843,0.392921169950909,0.10207276030589,-0.542591095407107,0.019085667946356
39035140702,90.1232090042538,0.692823085166873,0.120289808797643,0.669094530935284,0.781985255775117,0.0702482108845772,0.338340525023714,-0.198062330797293
39035140800,85.1456979891825,0.691763514436142,0.165692585073971,0.470389618780505,0.972061337899703,0.252271113106657,-0.498315688059243,-0.396076658853331
39035140900,92.4229233599334,0.692823085166873,0.550012501750535,-0.00305565071970804,0.395847506995265,0.089673723958014,0.895501971708916,0.650091584621324
39035141000,54.5261067598025,0.692823085166873,-0.40786613403104,-1.07299977426962,0.126576106408939,-1.79287390984878,-0.607922348946122,-1.2517644702787
39035141100,85.1139479095663,0.684702028002895,0.731661739863936,0.75011871947354,0.63611017571614,-0.342573329560846,0.182606216826749,-0.715445939091541
39035141200,96.6061567738112,0.681460172699442,1.2061551763914,1.33072676506708,0.266227348619303,0.70401157346389,0.584464385601192,0.281762633564685
39035141300,94.5152506803752,0.690246019829456,1.2259037612621,0.94316695592274,0.256478698380565,0.521799958955933,0.0570039760019415,0.512134671574874
39035141400,95.9109663967756,0.692823085166873,1.22990462124928,1.43896731683804,-0.121509631734483,0.483799626901237,0.47829424712997,1.2363189053073
39035141500,96.3050384835607,0.692823085166873,1.20451042279425,0.565705473825359,0.716254074331307,0.306552507258737,0.549655862852603,0.392318948876862
39035141601,90.8493134972107,0.692823085166873,1.40065280696318,1.42088107008492,0.158927162344431,-0.103640006403044,-0.125826789389645,0.3503628855286
39035141602,89.6257309053131,0.692823085166873,0.597922028946428,0.266773273070119,1.19804080124005,-0.29023378683663,0.174325635981802,0.251943392320269
39035141700,91.1954157057508,0.692823085166873,1.27834198145194,1.51570908668733,0.187509744036305,0.163546840681117,-0.487171490400688,0.847140275174229
39035150100,47.4426639697198,0.692823085166873,-2.5272452683726,-1.05070774878615,0.551291677411679,-1.6450667479959,-0.703276494789407,-0.759585281331119
39035150300,57.2764923956754,0.58766521776097,-2.55158535715214,-1.46786783748547,0.237378600492091,-0.69834742262905,1.59608399233888,-0.690154969062947
39035150400,52.1686227858836,0.68973256976025,-2.52620839152966,-1.73156455897467,-0.0704666812815084,-1.09311494276873,0.833766462914491,-0.797061543933126
39035151100,43.1308128295922,0.644159462401424,-2.60428822840422,-1.83167309765452,1.44649143947745,-1.36956107745747,0.396506928007201,-2.14722701333055
39035151200,50.1774602329783,0.692823085166873,-2.42237848355786,-1.1715804040773,0.592869270726017,-0.480901501134454,-1.72257137358928,-0.729921309793921
39035151300,58.4617583296284,0.692823085166873,-2.17774079216851,0.349459874400016,0.0870631477318064,-0.157193599808897,-2.92736517863113,-0.382686355397596
39035151400,60.4634867290338,0.689956647225353,-2.26392309124336,-0.469887245476814,1.4858757021275,-1.57439287769101,0.222850144627013,-0.391269466642941
39035151500,53.5191104819085,0.686048601199068,-2.52637038151834,-1.22633357263086,1.90345559511561,-0.612048958524387,2.7965935850205,-2.26648055205211
39035151600,63.3784585842725,0.692823085166873,-1.86432966125634,-0.863894583136006,-0.269929413558199,-1.18421229937835,1.12567894566843,-0.289066514638051
39035151700,71.0597043784436,0.633279718937178,-2.09652152433412,-0.60611194105991,0.983683062637729,0.218529266993151,0.360704958129137,-0.498070619345878
39035151800,46.0155723461424,0.624218807279394,-2.3278007205194,-1.44289699680057,-0.0648573147467503,-1.89484142250688,-0.139357062557304,-0.660332202839463
39035152101,86.9293620364997,0.417950803997227,-0.220893904944039,0.0823530880170394,0.36038003449965,0.51284709256038,0.352521726790709,0.464143502806919
39035152102,76.8342168021692,0.213983037249712,-0.596529100917287,-0.379461886959236,0.118187441512678,-0.168001393199312,1.0095135599437,-0.196700410169086
39035152201,67.9587382399663,-0.0444426881682862,-0.954183981893099,-0.686705707413019,0.914852527874567,-0.112285444973871,0.149974111524738,-0.842487712300952
39035152202,71.9047795309563,-0.167892114019211,-0.824162737374084,-0.652298071600422,0.655350709631238,-0.509584228747282,0.690706945638338,-0.116406798943381
39035152301,78.2242251933344,0.365367186362275,-0.70301862709421,-0.0960796923924668,0.233411725067602,-0.106834789923704,0.446344676668005,-0.144886040272241
39035152302,78.1068736634561,0.393853733885989,-0.542260246943565,-0.446611851217198,-0.210633711448878,-0.256101338636807,0.975382784682295,0.610612361063467
39035152303,77.058472414375,0.195024593762097,-0.48836438805635,-0.451688817991597,0.855148077822741,-0.309957326788907,0.227774305524285,0.100837496366804
39035152400,71.8473725841228,0.021394771516801,-1.10406917518216,-0.275724104950871,0.732805894654136,-0.0899100428441264,-0.249321029638863,-0.129519361750613
39035152501,72.7299877744762,0.202816687554861,-1.18948809316457,0.359805903763135,0.643528088306326,-0.248879457038846,-0.267600731037125,-0.427175186464391
39035152502,67.2835430397535,-0.493253151954621,-0.703221323091204,-1.1377712084233,2.13542885530003,-0.557679193369196,0.23974148227442,-0.251624680803689
39035152603,71.6427942897659,-0.124542983135411,-0.751136211612775,0.00667726069638699,1.63995860997347,-0.476120243762165,-0.376500774642436,-0.175757272977374
39035152604,61.8731738113589,0.227275154131076,-0.28775580699744,-0.51757130597156,-0.078179607288036,-0.383080347635976,-1.26054730506594,-0.681897874218718
39035152701,47.4371764641481,-0.131092688047988,-2.37460339153522,0.107078604380366,2.18175427239547,-1.10306541107406,-2.44972418521615,-0.451622008316806
39035152702,73.2047755234411,0.278619257103073,-1.25525301810497,0.490195109124095,-0.091280536976459,0.0142473129852537,-0.517855845765727,0.166440074816603
39035152703,87.0419765149167,0.541295027681206,-0.609493236138391,0.641378869771392,0.078832174561952,0.353069642253318,0.612526659815358,0.234105751649871
39035153103,94.1822871203148,0.642917106237875,0.442318136873883,0.452677807162685,0.19505559156567,0.590561727550325,0.553847650167136,1.08959960893089
39035153104,83.9466952321238,0.634844524225805,0.277551327645363,0.282897104332067,1.08202849208586,0.332491728430158,-1.12720985886285,0.276162569980675
39035153105,87.327016550094,0.577313964325572,0.244995354781722,0.46915649513966,1.33455406492018,0.452348248572418,-0.037313673669506,-0.49305716567527
39035153106,93.9275721903548,0.649117922134994,0.734031113286368,0.587221901136783,1.06571429958919,0.492791870976525,0.044715089710694,0.419353103357266
39035153107,92.2429461904069,0.595553836541257,1.09957290636689,0.747209376552597,0.304209864508969,0.875492233499483,-0.189968882758542,0.388803258008984
39035154100,79.6036768528051,0.176355799152417,-0.299677773553637,0.0302921537176067,-0.158354345272357,0.0204007670522947,0.290836779412172,0.327809533482694
39035154200,73.7364385426259,-0.379548340367711,-0.768188725624755,0.568494718549261,0.126474619274254,0.0748381496810502,-0.39392408545363,-0.199122389963517
39035154300,68.713565830295,0.64585118522251,-1.39588058656985,-0.637753340666785,0.67936199181985,-0.706084770655046,0.33945540981406,-0.607830783207102
39035154400,76.8977903385091,0.2232714046684,0.324869370060934,0.315806508851507,-0.126169278670999,-0.674875828325322,0.588265123881324,-0.521454481351686
39035154501,77.3081531848395,-0.162341669744608,-0.505844880043628,0.467790680778692,0.56338735651667,-0.561540741880529,0.749734637961972,-0.401326251995794
39035154502,81.2300061225534,-0.0272585006737796,-0.372691513357265,1.12494589671124,1.0286863344563,0.0166681938167102,-0.083493407721512,-0.307121517642381
39035154601,82.4772804905254,0.0766198287153983,-0.398700574371126,0.864038996794738,0.400009844226672,0.0652396906609708,0.052612910839861,-0.0110213448807304
39035154603,78.7181122931882,0.153318367628641,-0.412085634984818,1.40537361639617,-0.130761626191334,-0.247787810473853,-0.132256569905927,0.191649139266664
39035154604,72.6819584186294,0.232496104297894,-0.335606602192455,1.26566584752517,-0.181258397660158,-0.410743106056694,-1.11329803709971,0.210767505603246
39035154700,68.5575226346294,0.47099357783483,-1.67275320362962,-0.123097519767596,0.229828291412973,-0.734827541486274,0.418709302362813,-0.451630216539702
39035155101,94.1900516828338,0.692823085166873,0.779579642938736,0.565189746896121,0.638781683910414,0.0617472480633599,0.205993466728795,1.08103157118658
39035155102,97.4116347250293,0.692823085166873,0.459835497174224,0.580328077624293,0.748967753658177,0.631764757025652,0.541104973668673,1.26677709517766
39035156101,71.7784713078383,-0.690274312502033,1.51839441472695,-4.67031177208129,0.82597377653372,0.682606117709555,0.095735954365806,0.915318501227444
39035156102,98.1202105731712,0.58124667263824,1.4303304756821,1.21407615392035,0.540908354224247,0.508315778569281,0.791572757122044,0.875877624864986
39035160100,94.6373520513022,0.53142557278538,1.14267079367609,1.18394536805344,0.152962571154969,0.926667032112978,0.0877783713054931,1.28951514327938
39035160200,86.226345293396,0.455844496087872,0.702515469283448,0.864951638742887,0.272630468595874,0.503109032485582,-0.262641264840695,-0.403932381835621
39035160300,93.2868456391853,0.514565679876678,0.921955441039436,0.735568709081982,0.446908371445313,0.515524405220702,0.498359131273382,0.0564307876767987
39035160400,86.4317397442356,0.264447412849833,0.642401211256205,0.341723584747627,0.648047907211724,0.232655687551706,0.250014627363659,-0.32305883527248
39035160500,72.1353980789984,0.388568230157298,-0.164485325994791,1.08448460646249,0.638069568080951,0.410256106425796,-0.304467946911946,-2.63833789474118
39035160601,80.188760330236,0.381231570140822,-0.310017314990042,0.637276730967106,0.617503050643972,0.323406659253286,0.129907256454431,-0.965435812496754
39035160602,76.4668760110798,-0.052935117948364,-0.836327147874593,0.297622890021907,0.801858072210537,-0.377024339951667,1.31264908600123,-0.595140292480568
39035160700,78.2625021992462,0.247104692645055,1.0432794868943,0.275597255033589,1.11509188692831,0.120576447457737,-0.457100198987282,-1.01965574774963
39035160800,94.8155230495982,0.52231910502683,1.25082350692528,0.528981337234205,0.75899212548464,0.817895364012673,0.262306315798796,0.465694630099127
39035160900,91.2664537106645,0.495555769482373,0.971178667467313,1.07977337043338,0.305758052891876,0.501718568883623,0.668881581033522,-0.425485802105965
39035161000,81.5167260155568,0.27970468367161,0.950361961790146,0.569865471424684,0.200984746240106,0.436170632076135,-0.921185265764401,-0.173137402544315
39035161100,91.6385671470658,0.444334397524904,0.576195823565589,0.867509207215495,0.282158567371435,0.611049913550966,1.00094900566663,-0.286568514936287
39035161200,83.1439091185801,0.335657465530401,0.288311008128418,0.482670993067941,0.593735815226871,0.891722639245812,-0.603344574165967,-0.355479916561583
39035161300,77.4818777221244,0.291586751020525,-0.060306506654682,0.148908445147497,0.628859805254364,0.304188042661503,-0.84538211772552,-0.325680261433772
39035161400,86.9194116216534,0.311942982571718,-0.096449637047861,0.963619625843206,0.531811715741285,0.652663888604644,0.22714532848029,-0.319891374597493
39035161500,82.184097940253,0.326946974511423,-0.581810945447041,0.345106883857352,0.679323836821322,1.14626781336379,0.412591942323496,-0.723640616111671
39035161600,77.0282747520146,0.296354906553183,-1.07687465201369,0.393352099415342,0.14536320471187,0.041252589453402,0.072241288948,-0.197142325312473
39035161700,65.5179476176426,-0.467736164003544,-1.51930773575722,-0.237356023339177,1.10699174214387,0.100704568956109,0.513760902358516,-1.31662852948086
39035161800,56.0366140072405,0.118567882907641,-1.88252670654966,-0.392908253018129,1.69054575844328,-0.28221524986707,-0.966072254584102,-1.21109540368694
39035170101,96.1345935853667,0.677624755185969,0.766127077865247,0.99092696587949,0.906867648540228,0.40819471762424,0.682236904446911,0.120282220361016
39035170102,97.3734295854511,0.68985965451108,0.581731946995779,0.819959066903676,1.09598206767285,0.801885561967673,0.41944137887831,0.657186189145078
39035170201,96.9812399794471,0.685508699122209,1.22373603855532,0.311366636270735,1.80153396890898,0.964090974612415,0.601473830328659,0.342670943592505
39035170202,99.5152623041151,0.676943274887665,1.38467014998769,1.05745323605522,1.27403441755628,1.07219063170563,0.406188692197066,1.11211356592315
39035171102,73.2848924069844,0.691995784389735,-0.737462372608471,0.359880962983864,0.810920129308842,-1.13510353372519,-0.797206511699737,0.142039077692063
39035171103,74.3072431727164,0.692823085166873,-0.906711860646844,0.402723838052597,-0.0213795998812611,-1.11511262819699,0.711402329295361,-0.508371816630004
39035171104,65.4949525173176,0.69199700823434,-0.864419631767447,-0.152540725978788,0.205948056313196,-0.0727154224484731,-1.10054855661884,-1.12317075276884
39035171203,71.1501595904735,0.690978610786615,-0.787092236645911,0.742306258229313,0.483433150312219,-0.636000453341444,-1.40213851036971,-0.330202805562306
39035171204,81.0165548179698,0.692823085166873,-0.611146800353361,0.825686269692593,1.41674457482377,-0.771478447126791,-0.179184324986368,-0.031662333553509
39035171205,78.349750878806,0.692823085166873,-0.493219249713231,1.4310508144565,0.257535683257829,-0.526808030439207,0.113428847986372,-0.865584960988852
39035171206,88.4400878066752,0.692823085166873,-0.398106919984684,0.861352599906022,0.290527017510651,0.107185039378138,-0.0339466392807581,0.605612746348263
39035172101,97.3882473916001,0.653585334214268,0.452982644967824,0.674697535595878,0.977032142938971,0.612080860485577,1.07963254910547,0.586763607313815
39035172102,93.5330243896801,0.560269690139157,0.979832540787117,0.246813493754382,1.07177425640463,0.653504622128923,0.758344840619769,-0.0550905388324352
39035172103,88.8795123420686,0.540359861360447,0.952717238224062,0.24703997664459,1.71905028925888,0.915377076843554,-0.527141247987822,0.165020108462479
39035172201,88.9964505164913,0.514600037193444,1.12366826848211,0.581857005882992,1.79508360024571,0.705628625907005,-1.0563995713774,0.967631535218833
39035172202,78.5758587656442,0.542653995636256,1.21088886854462,-0.332177109146363,1.30569713072399,0.333916455681761,-0.00225267518570821,-1.36903785401661
39035173103,87.757230370345,0.680121358193374,0.719303306339646,0.769005282800028,1.40906733902824,0.546505384291684,-1.40046122301817,0.828158919313888
39035173104,94.9846291770095,0.692247466215183,0.644676745125443,0.32572843898104,0.444021199809283,0.710515584966622,0.240512277505943,1.31920762378738
39035173105,96.1655848681296,0.692823085166873,1.07494357720146,0.967759295979793,-0.0520382347158614,0.395211842412993,0.626390522357398,1.58964479268188
39035173106,95.8630916084276,0.692823085166873,1.39354551120072,0.490523022695585,0.344358624644439,0.326819702398166,0.512384172789171,0.683865079533587
39035173107,88.7346817226407,0.687797609641492,1.26542665691729,0.0917451954435121,0.509665818439739,0.434568597916844,-0.641893247759378,0.882964392533228
39035174103,83.8724989384788,0.628495579509285,0.89091723848805,0.457336012707267,0.724004895079294,-0.137157922759863,-1.36703338883121,1.40107451587533
39035174104,94.3575434309664,0.658069308182713,1.1007430477225,0.573162687474929,0.227518706759135,0.875716629607848,-0.0449988003661626,1.98068079169689
39035174105,97.1718918320867,0.580426540439997,1.18208519539704,0.718894445256618,0.51452064942983,0.385514414767915,0.719119296458822,1.85441420675142
39035174106,96.0811126476167,0.627557456573837,1.12778288696913,0.854790409348293,0.565019205518557,0.27493064483526,0.50180114086377,0.80997995186917
39035174107,94.525275049321,0.641820270044782,0.562821005891349,0.80041839148316,0.48534694301411,0.398051762224172,0.217244594312426,0.985592795058321
39035174203,93.9065814811326,0.646057681735756,1.21808274412923,0.522861391679,0.0239733699566068,0.07282476518535,0.80157286028239,1.49648030855766
39035174204,91.6467566117914,0.639760803730956,1.04508441793231,0.627181716926353,0.610064702406287,0.101229394094407,-0.309605125016713,1.65130175526846
39035174205,87.937809135245,0.489273853886666,0.998818536362596,0.0708517579422094,1.33032855958018,0.366733781592856,-0.172386586700926,0.0192236018225802
39035174206,83.8946343525713,0.372680383702426,0.722049553428371,0.136446677327551,1.27682397310815,-0.14525237298339,-0.277499651380963,0.0132389742637215
39035174207,88.2087143077737,0.560529904948475,0.874097293441768,0.0624202415132192,0.90786250852421,-0.20523516452404,0.00448077946239301,0.691869176834088
39035175103,84.9579725218777,0.692823085166873,1.15700848854328,0.932643968290827,-0.301502348972288,0.136794557358146,-0.587181862483784,0.00262290962958449
39035175104,91.6571235413605,0.692823085166873,1.2914449714648,1.19543254553053,0.0472496708732695,0.486457299996585,-0.403590613521674,0.559687636865899
39035175105,95.6256914979748,0.692823085166873,1.30592575131056,1.00501980552121,0.719958807463374,0.223309347047432,-0.0463463859252081,1.15136483615075
39035175106,95.3547805302547,0.692823085166873,1.2600296431258,1.25283085681336,0.143445814338732,0.431546679524123,0.101147579756035,0.975666211110526
39035175201,91.3468745757913,0.692009662302865,1.66275625691532,0.776163988391125,0.0401396467697169,0.0544437109264404,-0.0673088387457086,0.635447811858048
39035175202,88.0287058129238,0.679578351671091,1.21040908986036,1.01698671111891,0.38506137803723,0.391505742114317,-1.26592614165932,1.08822160508384
39035176100,94.7629602306379,0.692823085166873,0.805802182564938,0.635446506834417,0.431213693563342,0.283459041453823,0.117206029405489,1.18293892679763
39035176200,82.9156465737221,0.691902199052719,0.997376612318598,0.796118343606258,0.0969620275362845,0.259721619654796,-0.874672522190419,-0.461550754224997
39035177101,83.7103658699858,0.478584152890226,-0.315109244274559,0.247606385336703,1.18436633276973,-0.0485817249110266,-0.170826629484354,0.287952067225092
39035177103,83.2376498783041,0.356255202820911,-0.32431249266392,0.622834835815099,0.183823167662107,0.0355632063399285,0.172901104294222,-0.00899969711956147
39035177104,84.3132270941394,0.0907779949905165,-0.071982563620609,0.674211286500998,1.01750131889293,0.216740753756581,0.0484095607542128,-0.229143624954314
39035177201,82.3166338524962,0.461661092635719,-0.302297200895619,0.983690413252147,0.15262709760606,-0.0466050414124165,0.176840815771755,-0.409983921767629
39035177202,81.4037745211979,0.558895036373797,-0.547922830336568,1.02142353070591,0.326000434365203,-0.182264044761787,-0.229430384002188,-0.153262028886514
39035177302,85.5663300023994,0.599688647643866,-0.262130782620834,1.07311807648024,0.941055360481629,-0.0360330002336623,-0.137558797427838,-0.150801615578859
39035177303,87.9337228600002,0.591031511402761,-0.505147956766837,0.850000172585342,0.417825475063348,0.121941342669059,0.40427423949895,0.170484932089347
39035177304,76.8482700193365,0.57922061849386,-0.449259431859698,0.690697578550439,0.786421372507885,0.217613838008719,-1.05352121831473,-0.67506406595377
39035177403,86.3645562188385,0.516637349496463,-0.0955698426862891,1.25934420808048,0.230164875975251,0.149867756970095,-0.294270628236252,0.431509401171198
39035177404,85.5533267044496,0.557364485405111,0.00951900649366018,1.23063481035958,0.0187181170631826,0.815140409957452,-0.383101051760773,-0.112720770889424
39035177405,84.7671683095652,0.476303691745629,-0.113788128859638,1.42788149869848,-0.0286350880030481,0.678182319777781,-0.021596142957349,-0.339915503977846
39035177406,88.4453758812713,0.541836967883437,-0.143422743434983,0.813702681972152,0.634711840729091,0.303086263066481,0.566871606497628,-0.364777568765864
39035177501,83.2570141775238,0.662734675309271,-0.382054554872829,0.860778432167141,0.899782668165218,0.206996025732707,-0.465828580135534,-0.387918347733418
39035177503,90.8891977030883,0.583977866057078,0.440433076230915,1.3388796015387,0.473387651735453,0.0959410681439081,0.0858315297087414,0.224370189047784
39035177504,89.9305757428851,0.648881024594721,0.418703236214696,1.03793043433764,-0.0449521127090024,0.206053916152884,-0.051367790641615,0.762850208894042
39035177505,91.6983542155243,0.64105989660336,0.556198487629266,1.04324962078175,0.3972126449903,0.495128206648442,-0.104063640377138,0.180637484057441
39035177604,89.4573286371726,0.654505906491043,0.456907794968533,0.953293469351536,0.214881415197389,-0.0337938610503711,-0.269903150697004,1.17081868775306
39035177605,89.3904508739652,0.664144630326988,0.711849819393441,1.00121630908646,0.64038356616979,0.363239491186713,-0.65254261137224,0.270844008896404
39035177606,86.8514352047578,-0.538997523642794,0.446607330973031,0.540107291996298,1.07052537677322,0.537183602042715,0.347501147578465,-0.0160509961914823
39035177607,84.5079004855949,0.641615686848994,0.607862467793523,0.7062191039059,-0.00484306692743967,0.222858589114387,-0.784642549711555,0.225886833372783
39035177608,84.8541901602861,0.358741444347901,0.394322677194343,0.793017576426308,0.629277415059419,0.566754333641718,-0.760263477980618,0.00957467822763649
39035177609,89.7484731074984,0.610807672116047,0.386360070094163,1.16784667534536,0.331690605252284,0.126167808728107,-0.27352330637093,0.676114618127237
39035178101,89.9384553034485,0.692823085166873,-0.183953396602715,0.551090722057775,0.0247754997393786,0.453761711231244,0.21937558903512,0.613491106681887
39035178102,83.938821417981,0.687827415710399,0.108212513706733,0.831569545380076,0.41191915521292,-0.039940900582078,-0.0999595336016768,-0.640294212422402
39035178201,85.8361699393596,0.692823085166873,0.227663851500214,0.905992891047508,0.226206680889473,0.483518466114754,-0.689237776754818,-0.159369701500559
39035178204,75.487931083383,0.692823085166873,-0.101899337379953,0.642735086057198,-0.102050814310665,0.205203419160284,-1.2757697303729,-0.616323509653196
39035178205,92.0284614696029,0.692823085166873,0.238641537876724,1.02253014365745,0.460797921606299,0.222701008002738,-0.0948496285548669,0.575570937604357
39035178206,95.2592034171842,0.692823085166873,0.459473048935564,1.08943325967986,0.582953828511597,0.525858645760051,0.181848386866494,0.455953071419321
39035179101,98.9038099588847,0.594796649942717,2.15566770467008,0.807599985056866,0.632359223990475,0.663983088523775,0.720959859393297,1.79593205992143
39035179102,91.1537051396223,0.490193391348299,2.31926649172485,-0.729397344781437,0.644423989367151,0.770701343316114,0.574783321233195,2.81451282556429
39035180102,94.5119327677648,0.692823085166873,0.391812907633096,0.0524563322888904,1.34642855613505,0.548407921393248,0.49673548741037,0.779429281483077
39035180103,91.8252698765001,0.692823085166873,-0.197026543628863,0.389980280457592,0.223881745442636,0.306008269571943,0.522303510793072,1.44209099163695
39035180104,75.5249545866132,0.669498155581176,-0.684317442746394,-0.116094158695842,1.247658938283,-0.682518225390014,-0.310749939331701,-0.0948916355358301
39035181100,97.6582549521029,0.646265017976043,1.90874023115019,0.626131063473678,0.483941115247917,0.592756957523431,0.566770218019184,1.13729116250769
39035181201,90.8568122452062,0.624919764882829,0.563292700339735,0.481255457784775,0.773358035750203,0.426141568554738,0.043367307058959,-0.0481014287420088
39035181203,97.5190149418444,0.630813100122598,1.58858032916144,0.640617028151635,0.596713153908604,0.512350674398589,0.599065868961776,1.07492745165508
39035181204,91.5988279983317,0.648133980153949,0.684036605510606,0.616377075552382,1.06675507416902,0.583763632920106,-0.313801728248267,0.244070285329594
39035182103,85.5810554574702,0.613828299937082,-0.12997163248821,1.27042383757955,0.39090316506973,0.50514785690523,-1.13352008695269,1.67065859768034
39035182104,94.65158365001,0.601748462935164,0.926278753285093,1.21168582854967,0.528623901262901,0.412515184343062,-0.0349101797369184,1.31566842837514
39035182105,94.0249839771087,0.603952850626145,1.14706865069889,1.40208079128451,0.28957340717858,0.49755954783601,-0.154788734602921,1.69802955026036
39035182106,92.6063972078774,0.562239037867864,0.714909713574098,0.800683759147916,0.372730365304952,0.523872950235255,-0.156400221560333,1.18217467279394
39035183100,97.8180801671136,0.579620407327617,1.37149133551166,1.08870238192583,0.0810990420639352,0.724175632730125,1.3991098698331,1.45106942647434
39035183200,100,0.672949527022385,1.41369182494027,1.59201186771638,0.518478063744402,0.782904344776871,0.728195554773233,2.38697204496639
39035183300,98.2082839036099,0.671516951478838,1.12790223302242,0.905772753494038,1.32191628127574,0.485377526921276,0.480289085081231,0.91022351535308
39035183401,97.032419186533,0.544411967225753,1.40709570173557,1.06458142548413,0.213409029419605,0.666789504926534,1.31767054213312,0.572384527155796
39035183402,79.8025914159237,0.471145389093592,0.413920125558237,1.28312517845249,0.740674708083861,-0.541264541754186,-0.428572817446543,-0.582648764339599
39035183501,90.2048508109288,0.649408055703862,0.727676834386097,1.16515098516428,1.45242845216574,0.568915148620862,-0.663003103060275,0.110232007207176
39035183502,95.3611773413175,0.649236693224601,1.26851094553863,1.2761183201273,0.235471401698292,0.709385973855466,0.0891455147434486,0.799791465589981
39035183603,65.8861432714876,0.546738806022247,-1.22809054159977,0.580108446320212,0.445040007817676,-1.08494831010465,-1.33093518864087,-0.15509826596057
39035183604,88.1358985923615,0.518436003619397,0.0154467070326316,0.731853012477602,0.146314748296629,-0.221895683782563,0.911202718121894,0.261767105495124
39035183605,88.2800666049308,0.642056705916942,0.0316585381943904,1.1786467312019,1.22000263555689,0.27697922568396,0.607439808900384,-0.78320879172872
39035183606,91.55488213014,0.616584557935777,0.245308214164898,1.45761719479938,0.109958784412034,-0.171856315997193,0.947551108914808,0.554781747249016
39035184103,95.7749639235304,0.640100635084609,2.40168371330286,1.22955910444987,-0.0233646286608811,0.712450400643522,0.299026854722832,1.32098714202114
39035184104,81.6346256330798,-0.18306499651442,1.87257200855355,-1.34167033230041,0.767226602283272,0.0896961827508629,0.296075214600258,2.076074265019
39035184105,86.3699298405341,0.619021076231708,2.0224053289043,1.14412819922199,-0.914851946112016,0.471139945721042,-0.404566253755119,1.65677275563826
39035184106,97.7350746271078,0.508411582126836,1.76119252679561,0.939321149781348,0.328833148849832,0.734410153202338,0.715878118606171,2.06530559448586
39035184108,91.4428951335334,0.544551032324712,2.21919860717493,0.667983523601293,0.118843199658026,0.125924788469553,-0.0998956670010416,2.07248168102859
39035185101,88.274150329167,0.0757923922247987,-0.301298770508886,0.377627740248303,0.791526290857928,0.209561737796938,1.23782537722879,0.616116589780933
39035185102,87.0665703955362,0.463457039759794,-0.199947743830281,0.999506479323926,0.0947089864644685,-0.129210177974907,0.539441811293215,0.434965018847978
39035185103,85.3114810770537,0.0683530952681385,0.351833117732084,0.512257295662733,0.303191098054225,-0.00597603805724372,0.336708023415338,0.0370112644725696
39035185104,96.7720313798988,0.522973546841453,0.864187547979761,0.928053514067623,1.10299446257003,0.535332914448572,0.732758299093504,0.483495589708878
39035185201,92.5321750206034,0.629357223062461,0.0919643934295256,0.816165351069379,0.393983178445714,0.250889325405713,0.658647840200097,0.334183004774586
39035185202,83.6404656975275,0.369962955506077,0.337043602390158,0.579806654528453,0.482276255151924,0.694788451871831,-0.720032281225527,-0.154975700671897
39035185203,92.8128435972985,0.470008433820271,0.840527137379111,0.640237750930337,1.12898101717873,0.798011057678801,0.176135298210268,0.0519313466143729
39035186103,91.6679332852776,0.692823085166873,1.45528698608418,0.703404062848303,-0.161292129253678,0.345127653831896,0.0166447718296647,0.554244786143854
39035186104,97.6317451850015,0.660940500942283,1.39551101898523,0.681570788852557,0.292626441300762,0.499529524669556,0.924807906506462,1.09822373318724
39035186105,89.0919289430837,0.692823085166873,1.28009977125543,0.773605087139511,-0.532003402715729,0.144139436131299,-0.0751884245164761,1.21508345581387
39035186106,87.8156454506671,0.692823085166873,0.759159878421665,-0.0449373923808974,1.08753748906041,-0.115530414974273,-0.0934208779411655,0.201853634491219
39035186107,91.4639159472089,0.692408782263136,1.42983275277436,0.821351519625386,-0.0582159173948688,0.49434323470622,-0.418748101072082,1.65524005017572
39035186201,92.5974805557246,0.691968327860124,1.38553207508076,0.111078627172563,0.821040334786602,0.502439402511774,-0.271345723506711,1.3119504627261
39035186202,94.1105525414366,0.692823085166873,1.65662502360916,0.955997905249116,0.218309799062917,0.416315255384611,-0.289310767854444,2.58102396733864
39035186203,90.1158270502213,0.692823085166873,1.54747363330319,0.772278186826014,-0.344983377194579,0.388543829983825,-0.334892496978859,1.84953258248019
39035186205,92.9655771051525,0.692823085166873,1.67250764974966,0.649818649774603,0.352015884069656,0.407345257164235,-0.434274911758397,1.69163079788283
39035186206,87.2689783739674,0.691593103162836,1.74750629432519,0.614872047775071,0.0151928541440145,0.3922350140681,-1.13346167610621,1.79429668843986
39035187103,95.0971212571528,0.692823085166873,0.659496942949914,0.838083358126234,0.767058904875433,0.102560935481809,0.187442937123876,1.14380255964624
39035187104,90.5497295177925,0.692823085166873,0.912008606487865,1.34344435585666,0.546588152008152,0.529537838446859,-0.828067559232676,0.441704658381135
39035187105,95.6647172807065,0.692032301004605,1.14973449289343,0.350730221146493,1.37434957310579,0.695010341999863,0.97057878177162,-0.175163962391917
39035187106,93.895017552385,0.692223126248269,0.928105394012487,0.259626428179008,0.733026415498835,1.0312100871767,0.707256504567295,-0.255886250015595
39035188103,78.3509447944507,0.657873342791707,-1.33832090619409,0.735186630269674,-0.0157091932221808,-0.169289169681577,-0.091477561161498,0.204467458661778
39035188104,84.6273834322254,0.681875371069677,-1.18107731521604,0.602467708265989,0.571363349931084,0.123824305318902,0.709515600968897,-0.183074493178008
39035188105,69.2351194607783,0.692823085166873,-2.10432046926804,0.0950147606342373,0.724343865695877,-0.429038861954109,0.471269549471565,-0.897295702788943
39035188106,70.6892763451295,0.692823085166873,-1.64743608615589,0.424638203213331,-0.616971767538254,-0.811276420592207,0.0579752459192279,0.329158494392872
39035188107,62.2383787076277,0.673866422918436,-1.48505433229555,-0.338995868272313,0.953014240597858,-1.17431091766673,-1.41490666324059,0.0603631828611236
39035189105,80.4892177282368,0.692207262314041,1.77354618228029,-0.0466624836684003,1.0979994055086,0.754382054459737,-3.84906447069211,1.46354267129563
39035189107,95.6032195140434,0.692823085166873,1.75334057097043,0.59436280534628,1.43740394061037,0.350249168427171,-0.112311241045381,0.932720014063482
39035189108,92.6037669169521,0.689252874779326,1.81230361582009,0.305118836915594,0.780424459140087,0.285526732162383,-0.362303925429747,3.63277208004115
39035189109,92.7139358883509,0.691686510375934,1.5447617346772,0.717693218771195,0.479665592435928,0.553445967837385,-0.479175942718119,0.788034616557154
39035189110,94.5898296145101,0.69193226200782,1.85848261502207,-0.30728612844171,1.06914861687848,0.531200116443761,0.550100766750298,1.17452898115267
39035189111,88.4248967087579,0.692823085166873,1.88958599297743,-0.151728569368673,0.74479998602087,0.644575708611403,-0.858628031844928,1.56806624990981
39035189112,93.6585721463969,0.692823085166873,1.50079950736159,0.673634892297965,0.221065070666777,0.367929303154457,-0.230027443456152,2.79930415282418
39035190502,84.2234009450409,0.690866218229683,-0.026999054187465,0.366852423456324,-0.0191110592981205,0.178116891911236,-0.521504148560841,0.609914306809017
39035190503,90.2563077281152,0.692823085166873,0.690373677471879,0.887976544592767,-0.685099516359819,0.0537043059426294,0.638742218375439,1.49805238297775
39035190504,85.7337398951829,0.692823085166873,1.55322562981679,0.703282111847374,-0.662162944960604,0.275663839422584,-0.0671379193941181,-0.139833006867995
39035192300,94.1201380223238,0.680902944133466,0.749245070091103,0.783011397099881,-0.31194758272365,0.50056490986428,0.828465420805133,1.60475281883858
39035192800,77.8469049408553,0.612930583261239,-0.823605373465908,0.72756856879107,0.700050215522627,0.381823712873676,-2.04638772415255,1.70302617797735
39035192900,82.6241638754975,0.691572412918646,0.44685174418923,0.401640245672798,0.571559741227533,0.13575791565362,-1.87350879135089,1.28159296360176
39035193800,79.0776085434431,0.692823085166873,-2.15971821891316,0.334674082660074,2.2395678083101,0.205870307338192,0.69289434314721,-0.253939178847437
39035193900,53.8013196636955,0.669657673425768,-1.80513314525552,0.0755095192271229,1.15854554879174,-1.96982967584097,-1.43450530034753,-0.599711788852572
39035194100,89.3174488509169,0.671787535038935,0.220302199402049,1.36569727615769,0.113404800147225,0.483729864209957,-0.559604453424206,1.49261133489306
39035194300,96.4944639704677,0.690588718129976,1.4845360826392,0.30643447920695,1.4041605681631,0.480192803195649,0.252797567569711,1.40076582526825
39035194500,93.720525748973,0.672441812058641,1.74825596274375,0.393859468063841,0.524368612891265,6.18725779713559,-0.429994595549303,2.85216278371797
39035194800,92.4175172117059,0.68070914046402,0.770843593061458,-0.899876067369982,2.03545683010614,1.3147138561625,0.929345734311802,0.85830762766501
39035194900,99.0823695799871,0.662112637506954,1.79410881645069,0.841344098391374,0.247111711852889,0.764730306667216,0.975133099665312,2.62358951080903
39035195600,84.9889121163843,0.692823085166873,-0.132881976482115,0.693238037860001,-0.0603331873839932,-0.422746431567615,0.351333792022965,0.18628347474628
39035195700,90.2769117814643,0.688040663968337,0.506593613583939,0.392987467265672,0.952750606748116,-0.148210802434753,0.030052613303758,0.46939564132151
39035195800,91.9149348100939,0.643526195521924,2.27854631283246,1.15962597734842,-0.063148029425198,4.67107778494926,-0.576637972023946,3.0796245640816
39035195900,93.5054643090772,0.556175562781712,2.22517458417573,0.448522042083768,0.629380730554689,0.669691456550056,-0.270190937444203,2.2500877814442
39035196000,89.1974337285141,0.692823085166873,-0.420028385827971,0.770628516365947,0.344112950719489,0.117679796404976,0.0686395857200736,0.799658247075846
39035196100,81.8618241463382,0.599861197615912,-0.384055347375982,0.103799466943529,0.953541197738486,-0.38233533763295,0.477211779802418,-0.34141444511925
39035196200,46.5673844035315,-0.471072180214495,-0.497605273388077,-1.87007265799102,1.17382609206599,-1.25323803358097,-1.39092980341696,-1.10155449111484
39035196300,95.5389480826396,0.692823085166873,2.25004049307999,0.578472256902566,0.310549223690682,0.541020697887802,-0.0699481183760483,3.07431261735156
39035196400,46.9712802256881,-0.630906275946883,-1.96448948150282,-1.51400174340783,0.643740486506033,-1.51342593804652,-0.544212482701646,-0.320619553772707
39035196500,39.4985463947022,-1.3945052519169,-2.04270841302509,-2.31329306016887,0.645843945374229,-0.132221194297287,-1.31100196527044,-1.06502666267279
39037500100,79.2625542112424,0.587892436023317,0.760806892933734,0.410655929127083,-2.82291168997873,0.523285487907343,0.79501452391709,1.00067823003368
39037510100,78.2594705240875,0.417077382454386,-0.111083837483253,-0.496616973900818,-0.395204980395329,0.561644722453026,-0.0619424675508313,0.324722352399312
39037520100,74.7679570328158,0.561353386361064,0.193255750488527,0.0428031603174744,-2.09610556496478,0.208439700940947,0.55260503217552,-0.219626659231789
39037530100,87.4011190417297,0.654608156890208,0.960694877205847,0.27683492975313,-0.172924762918258,0.502680393700579,1.1585978179772,-0.643111238788885
39037540100,78.3255656423016,0.453853201553731,0.278525415378493,0.377954512175762,-1.89205116752242,0.811593312703086,0.343742564282553,-0.0813013858728085
39037550100,82.1153152919537,0.446377436451293,0.00790937407700711,0.0374491270403835,-0.762813937106697,0.730433340154567,0.510576681436705,0.216089121937027
39037555000,78.8823082785799,0.668923709581542,-0.262607777068092,-0.0875715979945778,-0.0587151910566843,0.0751268548057982,0.916058270768321,-0.871860650244669
39037555101,72.852521932316,0.414890709005269,-0.42952138429712,-0.674627971081599,0.331183300800912,-0.352086275521678,0.0598696865683229,-0.408718572718561
39037555102,82.8896156725051,0.659118252064744,-0.036348956775508,-0.416547998751733,0.68806434303039,-0.15701392594647,0.917471428208228,-0.418163521271942
39037560100,63.2890209415985,0.440417244155993,0.119142521898476,0.142725407831624,-2.48626613569081,0.815845269720794,-0.741937248425562,-0.747914055565453
39037570101,76.788058995323,0.574773800932317,0.284500878596942,0.595641479378636,-2.39947215719801,1.02388818634261,0.0987421948761946,-0.0114987346426116
39037570102,74.5204683661049,0.527196708619005,0.651297850145349,0.25274791612765,-2.39429543414135,0.427098529235708,0.252349681573933,-0.267862705645792
39039958100,86.5789431876679,0.321385223609087,0.564545852297379,0.0159245635780545,-0.0560425805971768,0.875483918361087,0.717791334476249,-0.096101869650233
39039958200,78.7896479143028,0.545922759768566,0.539312608089424,0.298460960057412,-2.29139328614691,0.983884513071537,0.477396384242055,0.0778486146891368
39039958300,82.2631506079354,0.597137457531892,0.377059534222283,0.184307367201182,-0.158848689359101,-0.391335441053863,0.646344460455134,-0.288980224916989
39039958400,63.7991527910901,0.460488616787394,-0.532100656073148,0.13651278936519,-2.87455195227529,0.190099977759365,0.418084912722576,-0.604109981114203
39039958500,75.18600319939,-0.383194237667856,0.347771447446712,-0.080255638256339,0.179607912951371,-0.222898348687721,1.28143841031925,-0.903637463320968
39039958600,71.8599703655894,-0.503346942413472,0.275313468877392,-0.524124878236109,0.174500820689341,-0.36172521562716,0.786832877889425,-0.765995208855836
39039958700,80.1584798557998,0.0581470588713627,0.158735109336214,-0.241633395031684,-0.0427541542803673,0.024240022193638,1.3266466630792,-0.238350571176742
39039958800,66.7481151962824,-0.851678628732494,-0.00934751764927455,-1.1342102433288,0.0979835846466584,-0.601141760074196,0.535761131025127,-0.342186604229763
39039958900,83.4576017265601,0.290237851307874,0.348928091453685,0.211415740895716,-0.56675788238117,0.76166940655373,0.378383284029177,0.111062312413169
39041010100,81.6832649631352,0.686316594086129,1.10256355576927,-0.348562781546706,0.134450341496428,-0.0981745266489939,0.346404458156698,-0.672398310571098
39041010200,83.8874900660472,0.645886076911029,0.877430440791347,1.09767351026802,-0.173901065917113,-0.222842340731193,-0.709095727856367,0.626303927832317
39041010420,83.5159002012751,0.605165879353083,1.13082977850406,0.338570388039052,-0.713180939166403,0.0229816100286804,0.00333922431782136,0.276961987457222
39041010421,77.2316756872866,0.603691109040389,1.0445782700842,0.338659916693867,-0.614283790976507,-0.104253142710652,-1.27332853746473,0.722619135003133
39041010422,88.4895433046554,0.689812735217066,1.05761137752,0.410525719717742,-0.118387069608277,0.486333273328068,-0.37271360719372,0.503502716485187
39041010520,82.9858556973532,0.691161134486329,1.02603187868366,0.33858237788429,-0.234121159581688,0.017735676325552,-0.784817330937292,0.490793557019857
39041010530,70.4428871689503,0.6916930791498,0.36222759708429,-0.443216985858663,-0.100919229697083,-1.37873777505993,-0.332223179280078,-0.167182863773178
39041011101,76.3556854286041,0.261927628286845,0.324814069635567,0.158295546903984,-0.425346335715604,0.314480081013789,-1.17813722445993,0.909271805130567
39041011102,78.773117072088,0.445212356986602,0.790882858816581,0.997600414211246,-0.528041365010874,0.292251801399399,-1.72116147531979,1.90086052935444
39041011200,83.4053944188753,0.337419280718994,0.977309611856081,0.3682684753205,-0.578941510879192,0.546650074739047,-0.381965795013017,0.932319186204577
39041011411,92.5456196457199,0.57147294177817,2.24666017723954,0.924537341712483,-0.194128733024391,-0.00448313371006306,0.520448482969039,4.62858768174103
39041011412,90.6802207979666,0.60002489107289,2.4031848231661,0.62304679761312,-0.525526216639183,0.496656479810752,0.113088723132665,3.29992400652531
39041011413,84.4988648160523,0.533069554761321,2.10047570645972,1.80446285245647,-0.87037159635599,-0.218803481792538,-0.167417465819128,2.05737085656847
39041011421,92.6146395362152,0.539133598147592,2.19182271065857,0.978014214228269,-0.205392011606347,0.169506718326297,0.369842069525526,3.37216419683966
39041011423,89.3424024870463,0.538453031491695,2.37827270383198,0.741629407961168,-0.191995731698317,0.242927069164416,-0.274369482415136,2.18334118870316
39041011430,92.5832161727584,0.0645323493491993,2.05448791469971,0.514711885432966,0.322407327458339,0.913717718384134,0.243433622482654,1.89521384210083
39041011520,82.261204132491,-0.441958621959495,1.97350886260234,-0.212773064393262,0.575401732625542,0.552567289124938,0.553870073031083,-0.590636951056907
39041011530,93.0743760393293,0.381810351700848,1.99622656571518,0.565014360755533,-0.132441373429077,1.02298913422122,0.467707644684833,1.7466484383075
39041011540,91.2899332629121,0.522777668694815,1.9274797243096,0.938605344139251,-0.742009560017938,0.472127895031011,0.630311981338037,3.21482558586265
39041011550,79.7861139931771,0.367062392899439,2.03607390061737,2.0269457009308,-0.0523071108865636,-1.23394920730422,-0.202670583972505,0.356301308962634
39041011560,87.2363339119847,0.502753743670545,2.03666997809406,2.22190618424543,-1.28582940350568,2.58771339775496,-0.119322513549575,3.05738551330137
39041011561,89.7574716267711,0.242718223951544,1.55184988421076,0.974513022722415,0.147742087731142,-0.49797657359751,1.05681778491235,1.19432082324501
39041011604,92.8369190810543,0.547622361240763,1.67050923945223,1.40507456764957,0.0351272443401001,1.97295474593208,-0.337712147840636,1.67795847402041
39041011710,90.3733877939118,0.328285826581039,0.616206237347975,0.941113286396181,3.31823446120006e-05,0.146786610154547,0.403696043814859,1.20931485366635
39041011730,92.4396950930341,0.689615029785613,1.66134169144097,0.819248056855288,-0.342706886742147,0.257679780667514,0.269680424518639,1.7134753340497
39041011740,87.0177838705861,0.677944921416755,1.82307643931912,0.91894242843244,-0.984011795735799,-0.172336830686881,0.303046914320106,2.28979057619718
39041011750,90.5730627823824,0.657401418618162,1.72091989594378,2.30769832079799,-0.650906732686125,0.153945638105322,0.229262672391927,2.59828917027799
39041011760,90.3757412579971,0.479354942339793,1.07115489160988,1.61459020305875,-0.555985273668515,1.80868774914602,0.00181027063822774,1.91962869423991
39041011762,93.5735867991041,0.370607234563568,1.71525232191157,0.858737821808511,-0.113506425053608,0.74401685520829,0.494980428426135,1.90882943708601
39041011900,90.7529252418142,0.445245921833692,2.18816067991277,0.166644127973781,0.0441051859163144,0.187244300540948,0.385038809941712,2.19412480024951
39041012000,80.371645887769,0.512786141964131,0.655781221266702,0.446827845784527,-1.91361655596409,0.597218593294498,-0.166953898100666,1.66113221528537
39041012100,90.9462771773834,0.517515149010154,2.18290422307261,2.32068245016928,-0.235991443425347,2.41672543386683,-0.430816157858651,2.99241456452895
39041012200,91.1573593564831,0.629391650659412,1.04211154785245,1.1421252441751,-0.0869461107725548,0.20908093801679,-0.00176729016344658,0.785564527623585
39041012300,89.4601198187146,0.437238052119776,1.10538213305603,0.98899679193108,0.0696769016922795,0.356426953733041,-0.396613452334837,1.5845676966785
39041012400,82.8272379156857,-0.860699138977582,1.26836668581102,-0.6647419175032,1.18569464329599,0.564609830412371,0.157077237791472,0.920843456259756
39043040100,80.8401608089128,0.284857296052096,0.708154097063136,0.273628798988476,0.629991510154826,-0.0351834535425927,-0.918028492141911,0.193689174731851
39043040200,79.6998584800411,0.42812343549492,0.707851197153284,0.382878286851693,-0.305848178372473,0.936885504808042,-1.61848644720848,1.24205402818324
39043040300,80.2812893807639,0.508132904228164,0.698825785599325,0.510320638622649,-1.52471766558061,0.687587615933146,-0.430375949908515,0.658883534817275
39043040400,87.1945957967191,-0.241060656139866,1.21107239650763,0.0789898374163063,0.0980844725339742,1.14982850168987,0.298735951626008,0.570561753654977
39043040500,85.5636254103239,0.047620486666965,1.02108005934619,0.148387390546111,0.766788055999889,-0.0563143883024381,0.139760451294313,0.181309958124958
39043040600,84.6815569855862,-0.859659280627084,1.10860972334398,0.230966188307002,-0.398915141746262,0.365674440000463,1.28917836020415,1.89017317824158
39043040700,68.2636578680629,-1.28901465145605,-0.24636038589847,-0.795593263123311,0.871131689165997,-0.796925602165469,0.497187820845532,-0.0153649501516005
39043040800,56.9577924493335,-2.6970025607165,-0.863473335980063,-0.776215482914565,2.55509016841277,-1.22697872269683,0.789135417518767,-0.461009248386003
39043040900,72.4246879987126,-0.890980562458409,-0.616453708712743,-0.290220721529251,0.889159790374507,-0.361901911878123,0.986300411440435,-0.411271753598902
39043041000,60.9323644935845,-1.20563902358275,-0.90348637727539,-0.427175316806329,0.556045040950393,-0.483466783803179,1.31441937253803,-1.44753536997146
39043041100,59.7394370975715,-1.69255358621708,-0.594614664734154,-1.18397445329267,0.163359276804627,-0.842075614019583,1.48832026521159,-0.56851677999498
39043041200,65.2453931138473,-2.34660671142852,-0.879253213826664,-0.471694650504361,0.669749867190601,-0.180213234224125,0.881366075552756,-0.37715167656198
39043041300,60.9619645949389,-1.27472010526974,-0.61911038186835,-0.707325131405399,0.242390690175819,-0.615413696434592,0.763705250474894,-1.02463188401656
39043041400,73.9885866934915,-2.71524397788454,0.839393249705687,-0.0788098209943762,0.500735670121741,-0.394955795997362,1.25555943180088,0.140743844609183
39043041500,75.0078818645473,-2.2412914309484,0.245605211710359,-0.103950611665704,0.330434455919215,0.0855501473976887,0.361007472556145,0.379040015488697
39043041600,80.6930239583677,-0.4997560890391,0.325434593340028,0.272959917843378,-0.573005456111879,0.0300353076136514,1.57851055117021,0.360879726819732
39043041700,83.6582177612675,0.334950650437044,-0.322333273568367,-0.302829441149067,0.155933937046321,1.27911009657806,0.4677648958265,0.243759631493856
39043041800,92.5195582226865,0.497408793810684,0.675402110098739,0.347385968673365,0.0395650516502999,1.73189001610788,1.29328820837535,0.156109726196477
39045030100,73.1707514692409,0.351805462573043,-0.39175425738646,0.0027937630825798,-0.167034229080634,0.513746716622497,-1.23432429982989,0.149153988985887
39045030200,72.7183498994787,0.479782061683518,0.299367528070055,0.280021519980118,-0.96080674401907,0.0411679615824327,-1.46466183863376,1.12339381610626
39045030300,78.2454375534725,0.47431121093043,0.594959174215429,-0.174976357539123,0.129677688316133,-0.0851180153878193,-0.815211088841996,0.213804407557528
39045030400,90.6056755293379,0.528768775789532,0.841701406710182,0.571600944268548,-0.392065002915845,1.673816901249,0.157216508056116,1.08431209616737
39045030600,87.2837011493896,0.58138261753932,1.36734677182659,0.515183255272825,-0.0344128102429369,-0.0217493610858936,-0.174746514579893,0.378706254572068
39045030700,88.4522717319599,0.409403901014949,1.06043647589049,1.1337304514901,-0.178218358895151,0.424475153226541,-0.31320351765874,1.21258218004955
39045030800,88.4001823424833,0.545264192022379,0.680604668853166,0.647364428498823,-0.131302201993881,0.994586419993771,-0.473434224206435,1.07155080073601
39045030900,80.1256536477051,0.458377915006798,0.536451167453592,0.394272855129219,-0.802451865104643,1.4332533463737,-0.682278302494549,0.263163454890975
39045031000,76.8081494851462,0.49716347718891,0.549132872289931,0.158174916628503,-0.637518144577351,-0.040280163508092,-0.603098865279763,0.0842678926423817
39045031100,70.6882241851684,0.42459130121532,0.373374018035346,-0.141258813687888,-1.84950448186096,0.982531028517858,-0.903172139369685,0.259836392558413
39045031200,82.9285440712493,0.470271542234458,0.440857944255731,0.0416436047001782,0.121549899419497,0.540082424710456,-0.739722535012496,0.514794928712862
39045031300,69.2111515947103,-0.0838167366346249,0.26345100703983,-0.79209189253604,0.208597464526952,-0.723429656600377,0.154409676788402,-0.550338549262858
39045031400,77.5008263357023,0.310166486094773,0.407085642774517,-0.228995752041127,0.420031411792718,-0.0241930157175584,-0.432741856265729,-0.351136572251578
39045031500,78.0053764030964,0.166756721823041,0.605652227893424,-0.206288801802804,1.21695028597641,-0.128728382137969,-0.795896962173343,0.117819255659059
39045031600,70.7089078516981,0.214722978544866,0.531676281403251,-0.366903019128807,0.229849520953882,-0.410749142231233,-0.576544495817238,-0.688604088679865
39045031700,62.1298218936812,-0.763911469568891,-0.0205707061334979,-0.407102091135022,0.853237467255601,-0.891598003693557,-0.812862103891917,-0.630948708025066
39045032000,57.9102830516681,-0.947796371662989,0.332126342752208,-0.950831420157964,2.65887209246492,-2.78416706341315,-0.166533739332955,-0.210578461525647
39045032100,82.1743231110956,0.167051157023936,0.482046965218613,-0.0167222765895769,-0.31957958190394,0.325665770607087,0.365304521648934,0.0587778154960508
39045032200,59.8028791115333,-0.529712240070166,0.244125521256293,-1.31761955683277,1.11140596666437,-0.418826258250909,-1.18175308979734,-0.830719260546593
39045032300,72.3559151343603,0.0366653786095908,0.356365311805253,-0.121508036160986,0.387612395956718,-0.591463781933785,-0.318553235949565,-0.56197949353124
39045032500,82.6969010100383,0.497739894668912,0.164694395906008,0.440201504475059,0.1185180292272,1.21209144144451,-0.78992617911026,-0.0731733120875718
39045032600,65.4712604615862,0.447054529084929,-0.404376769589468,0.505662457185181,-1.88519324285028,0.229733807753115,-1.29841741423725,-0.137207891121552
39045032701,87.0481877119654,0.239976781742934,0.926603670881184,0.1496583571898,-0.055489558383038,0.294054058811815,0.197490673873927,0.97661043777839
39045032702,74.2093756751316,-0.178235595435503,0.0325774331647698,0.219497819544473,0.157359548723822,-0.558649264691659,0.274785393678965,-0.577977821804159
39045032800,90.4521900479417,0.452684982503523,1.66777874108733,0.21715048921125,0.263399498098719,0.648432699195023,-0.231357653437951,2.25921675858237
39045032900,83.8017558001798,0.52549275098705,1.78078365577283,0.651603590415969,-0.167243001177648,-0.202504048958706,-0.764250003256524,1.90208543749902
39045033000,91.6433852919347,0.496315083874107,1.40181841694922,1.15296352013862,-0.135998293668187,0.55597351649606,-0.114283521881153,3.36654160229605
39045033100,77.4343979872253,0.529226122883276,1.26530519304495,0.515802534309359,0.0862106308682657,-0.650152683385654,0.027117451843873,-0.966244688800956
39047925800,69.9704568312006,0.239056730508912,-0.123228852359192,-0.177871017505829,-2.17812108807556,0.4574484165796,-0.124940652088546,0.413177552814872
39047925900,56.7127970983278,-0.416385583137231,-0.860903338043869,-0.272008766509324,-2.45434529999953,-0.645257322956576,0.0725271447581244,0.463089889374057
39047926000,74.3984140697723,-0.759673662854807,-0.362984562015142,-0.328176172005778,0.232821276137321,-0.194233148858687,0.690926209827164,-0.1041375171193
39047926100,49.3667679829001,-0.85679512436813,-0.124066742795505,-0.486788305584865,0.130044429892897,-2.44063599885815,-0.473389552719904,-1.07422911233878
39047926200,66.7774620212884,-0.267008610668947,-0.127911185356452,-0.335613113294585,0.581720181573338,-0.814147642279926,0.347129010873006,-1.10538451737404
39047926300,74.7243517385726,0.0111572265742169,-0.515613331269814,0.357535955543249,0.0796988196663785,-0.396771843340883,-0.304951918008392,0.105536909732603
39047926400,67.8280527400356,0.397068181128924,-0.0303650181924443,-0.183367978416723,-2.02822041072402,0.366273534723042,-0.107537778932325,-0.505697315043576
39049000110,96.0778615349288,0.280758159413862,1.0378392867659,0.925576291161412,0.678224714356265,0.464222320756402,1.18821531632697,1.08602245977194
39049000120,96.7158227125755,0.119783499884159,1.197735386128,1.15296985686568,0.982381296145465,0.598041337962759,1.75113673973359,1.12117890072855
39049000210,95.3009111315787,0.384609263713349,1.23706335248549,1.38673646010317,0.248282232236205,0.759343365815066,0.873106597907661,0.396945776981788
39049000220,96.2296798761673,0.226343615721949,1.04319313602555,0.935865417404359,1.27815766592556,0.724863434580986,0.727010693508878,0.945194856768228
39049000310,76.741525242233,-0.565541477165559,-0.457785836731432,1.39253091829569,0.964301674972474,0.306486922374558,0.310206600475886,-1.09702016761434
39049000320,76.9378648105252,-0.472543763684306,-0.902252998442879,2.01766544534651,0.451648918963657,-0.54221866912874,0.584189881187414,-0.0604418826235103
39049000330,57.0829750925279,-1.74474739480458,-0.789989826026946,0.61867639484655,0.296771719665464,-0.506275766285887,-1.82727188899327,-0.503919248153695
39049000410,95.2153208999574,-0.0111918262875555,1.0347989163147,1.47744801138795,0.936704658369262,2.12897802828117,0.924676285723302,0.376697825482402
39049000420,96.2936386500541,0.226254839730713,1.11635943784353,1.39090724391398,1.00137470175788,0.6493827508319,0.856094419590284,0.703093392697329
39049000500,89.6219514547506,-0.0522112611218127,0.798697022338156,1.43810344702497,1.0145390816823,1.26889369518837,-0.00299115578540566,-0.100113908083131
39049000600,63.96561032088,-0.657820675114338,0.180765757336785,0.93900335603184,1.30034389432466,-2.52290343697252,1.00055560865845,-1.31834367268404
39049000710,55.3660903433738,-2.86389083131942,-0.661079057332388,-0.650180361526073,0.782941860156997,-1.40875842339914,0.444294727030504,-0.424739395818034
39049000720,38.68344027711,-3.96698962386265,-1.62393674019056,-0.922535874425348,1.55570185358847,-1.17700966842566,-0.38155109485588,-1.43853462900229
39049000730,36.8478573721738,-2.81128937705814,-1.80708332542694,-0.794705542765013,0.631854010343792,-1.80776080040842,-0.293303942866308,-1.28064478035342
39049000810,69.7048414877436,-1.03589407186679,-0.421846304520707,0.479638805460921,0.572003042123251,-0.669261276177961,-0.490317349658447,-0.0696406989113014
39049000820,52.1885600110845,-3.4611365143035,-1.05626899095607,-0.118488689035934,1.14176320194278,-0.867680939708822,-0.604208759911724,-0.533779966116499
39049000910,54.2987251978352,-2.08684703780141,-0.905728293152294,-0.401115085980763,0.569407358404442,-1.4686647315049,0.622419561691128,-0.877997560512539
39049000920,52.6734106505135,-3.53660518511508,-1.68621043908011,-0.678063932181404,1.00965232218003,-0.85171714809628,0.76666328611242,-0.534422371470206
39049001000,75.9217917317338,-0.818288455772156,0.193907313733826,1.02302037903579,0.493850396587016,0.54316079629357,1.97836955737989,-1.93751527710453
39049001110,79.8912514825883,-1.13715250014565,0.22081121734468,-0.665296267472607,1.48249443135255,0.982447988002408,1.54652973437593,-0.215056208710636
39049001121,70.0121232535957,-0.33711460768498,0.380001385203572,-0.381695276741056,2.66385011690406,1.59617388555795,2.59974445926966,-5.05774099571774
39049001122,62.1678722408711,-2.23785418097751,-0.164784568101358,-2.23915364636575,1.62044366013006,0.770768276220613,2.37745565175394,-0.984346207075757
39049001200,71.385025239951,-1.48482964771186,-0.129362965299613,-0.688778798663612,1.47481254592233,1.70047157980565,1.21523913772449,-1.10335787522339
39049001300,62.3631308250748,-1.75475791414946,-0.0937553146845263,-1.43629562357325,1.94815099375678,2.25247871193992,0.662685892360428,-1.86445953591001
39049001400,39.3654566098993,-4.06625139207874,-2.1911511534968,-1.07934292242562,3.54350582431975,-1.53592623971434,-0.403997507094459,-0.129772270969125
39049001500,37.9395139083047,-3.41659091173503,-2.10905365036454,-2.44985738365883,1.80733902907628,-2.25444596634873,1.85110367715819,-0.00825335908293381
39049001600,37.8118538492045,-2.42497186980771,-0.730294945231139,-2.243019804077,2.16030710408709,-1.45023994225775,-2.20721534162059,-0.188924390657107
39049001700,65.8337136306393,-2.51697399539653,-0.265124193092311,-0.19862418776553,3.59683076124209,0.111486783396982,-0.173127252458702,-0.665066868003327
39049001810,76.6022545518968,-0.677744924660024,0.541423375909887,-0.0758601899204758,2.3915052749795,2.08222454801638,0.427660104039338,-1.40073488332695
39049001820,88.4360685460341,-1.35188812066732,0.68738588998712,0.823771016325684,2.40433325186549,2.37580915963829,0.418347205958853,0.542760255795713
39049001901,80.8724888355002,-0.701285757398244,1.27704705912519,-1.44215775215612,4.10925866826554,1.69137864248406,0.774520449019241,-0.0584827651003515
39049001902,92.1277319679922,0.121833387493428,1.12696491547947,0.504585194644689,2.15380835166637,0.582303834262556,0.403155995563636,0.214118554254074
39049002000,94.6391234544923,-0.0629503812057512,0.800348069428436,0.710621004338576,1.18951405794002,2.75622556218223,0.625099885159946,1.27687651350627
39049002100,79.9929175075503,-2.47125887238269,0.603989659540487,-0.380441767091626,2.66464416778253,1.23775520187881,1.35172417988613,0.296166430731391
39049002200,75.4032010991964,-2.24887133916809,-0.0894985542889451,-0.239320377731071,3.91031309084222,0.112431655890515,0.281352433543176,0.801578073929709
39049002300,33.446059420566,-3.10632225518954,-2.36563882026145,-0.469413952233661,2.62501503822314,-1.34894479081046,-3.24455414469022,-0.00836384790573676
39049002510,61.4292023786749,-1.52141368793813,-1.89299231136887,1.35721086266478,1.38424853383053,-0.85884602333144,-0.330594259617103,-0.302692792959558
39049002520,36.6049813332166,-3.19258773642332,-1.45514576678851,-0.403419047616273,1.07490491711845,-1.3732494951084,-2.56543755742428,-0.714095006923137
39049002600,47.6211770737851,-1.34237311419195,-1.32114985564266,0.361135889787197,1.6526543937647,-1.90402949557062,-1.40154016267222,-0.807598792363892
39049002710,60.7070824416705,-0.389941677093342,-0.730271840016203,-0.145307479469908,0.791870698441514,-1.81090429052403,-0.625128403628789,0.0336465234059
39049002730,59.3227352636412,-1.3838763566097,-1.12174580937508,0.400002878450449,2.16556187145892,-2.79510652636013,0.447641332333526,-0.21014564588688
39049002740,89.5613951812473,-0.0155914531281621,0.162949308928301,0.974607751626063,0.362923708358318,-0.0880599905441551,1.56827727021973,0.98222865420164
39049002750,62.6343842751598,-0.933286342793541,-0.832654800597171,-0.219812079886315,0.735133100242466,-1.09507027615961,1.40011865305894,-1.08246626174337
39049002760,81.1659702665682,-0.526064583341935,-0.106518492864296,0.768780575226558,0.957387318257052,-0.178401873275006,1.37695860818162,-0.58900321158444
39049002770,59.2860472943064,-1.48540197440039,-1.11180459781023,-0.0225035809076539,1.26239611509907,-1.51045322767493,0.705276211485234,-0.775041166313323
39049002780,81.498786195926,0.0496405282203249,-0.200715571797569,1.52387920107178,0.642044478669065,0.334590907555929,0.0261098911639823,-0.703115024333347
39049002800,50.1927730008121,-2.41523172318237,-1.57274069309724,-0.770573521158082,1.03582487311166,-0.127128630462171,1.00614617421581,-2.51839800485626
39049002900,15.5968698860011,-3.00630129011927,-2.2363744098576,-2.97962828914074,1.67868580225766,-3.68564219148526,-1.95518046562401,-0.724591332675507
39049003000,39.4840418714952,-4.56910687724853,-0.566791813003022,-2.97421215766046,4.42665393227883,-0.952356193768413,-0.689603163749767,-0.707525782864318
39049003200,71.6539516102568,-0.287162649762378,0.0246892986123891,0.0993345074669817,3.04461825714661,-0.129534241355879,-2.44104504010686,1.98512246806818
39049003600,49.9068264556294,-3.30015315578328,-1.24613959713286,0.74500479477176,2.20609559991412,-0.047468163336838,-6.18958938560371,-0.338272831614235
39049003700,53.5420119386212,-1.2529609442959,-1.35550944987628,-0.938664074240703,1.08700939903607,-1.03170034071043,-1.13114818783515,0.246781795181446
39049003800,75.4496516648255,-1.19008568778682,-0.818521738291224,0.148317560847137,2.28359545292337,1.72841899577052,-0.120244524576573,-0.195547774132347
39049004000,41.5335093854084,-3.02763619990798,-1.07135468478988,-0.863651647140635,4.88536116729089,-1.80443193814083,-0.675841135287035,-0.862446541243344
39049004200,4.35663670060814,-5.00847042030654,-1.8208019738843,-2.70500437604268,3.21681871808661,-2.68997843927667,-2.53611651218721,-4.78744665070459
39049004300,40.1517500308159,-1.88310315100745,-0.130629885806655,0.760560292216365,1.53080209094605,-3.83568672742433,-5.05777045993253,-0.979468428966197
39049004500,38.4957872576715,-2.82864694213446,-1.32649234581499,-0.127696129083009,0.684050592902046,-0.991502029847462,-5.58675770946369,-0.661980857229054
39049004610,71.6809097139248,-0.995382092686632,-0.796437844994703,0.857722416400074,0.690785197277158,0.688538691783896,1.04023817077646,-1.80792390620819
39049004620,46.6191943339885,-5.79569327111228,-1.72506966421564,-0.700260701848598,0.713241655621121,-1.43488512146444,0.360578444617409,-0.333539503372956
39049004700,37.8113975080918,-3.34749272288157,-1.77517175420045,-0.910433442077783,0.380216178745724,-1.61347009847989,-0.590216033027761,-0.759690665357927
39049004810,67.3077060729161,-1.5253605031804,-1.25407186926906,0.0569212108344129,0.405233527281522,-0.735770955090975,0.899802754137141,-0.0134447338638316
39049004820,43.2868805601063,-2.9075752726022,-1.88978176311895,-0.703575447214444,0.427959482913898,-1.39510582318393,-0.161552712910147,-0.71091804928006
39049004900,50.4989792458759,-2.32902618609969,-1.92737608199231,-0.602695718520491,0.677692398981864,-0.921144446289355,0.453264600995255,-0.789176942620048
39049005000,29.817229796946,-4.77022234933594,-1.27243570575858,-0.962415187952281,1.70805990661647,-2.43251006373705,-0.19882407734218,-2.37454888655234
39049005100,18.0451162390508,-4.7092718598953,-1.77027341865207,-1.75300578758849,1.74801779771683,-6.29315495270234,-0.523410554735678,-2.99413494500366
39049005200,70.7197599319341,-0.964309079244861,-0.188593445448517,-0.328205240019202,3.85405399822829,1.95872190920023,-1.94480764590579,0.7769588954556
39049005300,63.2176653122885,-1.83006017723483,-1.87493569219635,-0.719452352753689,1.67805150547885,-0.162948291515179,0.662197410983451,-0.0161155197690219
39049005410,24.8518555113129,-1.95136439252248,-2.14476171885489,-1.74300274218686,1.39707241877555,-2.82968329508004,-2.99516915990863,-0.382408454157793
39049005420,40.4928162645728,-2.83369008100916,-1.55778768866692,-0.964400940851539,0.984846378930414,-0.90107385093851,-1.95102356657192,-0.502987732287342
39049005500,22.9178780716864,-1.91829618399629,-2.09116986512286,-1.09425820380536,0.546209195845421,-2.14438348432089,-3.23207278167742,-1.24348935106827
39049005610,41.03446867964,-2.00433086267827,-1.85560684570384,-0.907755351811706,1.59059162975019,-0.731168435358122,-3.31684077353285,-0.31756819458651
39049005620,58.885251935454,-1.61459684417024,-1.88926357204893,-0.848328190997903,1.37578537854967,-0.697445987714571,1.42248687662812,-0.442047882127913
39049005700,87.5072555098735,-1.05477857696435,-0.320510883470051,0.797933776302699,2.51603215877546,0.842541712269914,1.11625836071268,0.783859700404131
39049005810,82.0834484905984,-1.12866330567755,-0.370315726513724,0.854255300299565,1.57633651026277,-0.211409192619227,1.41226783491035,0.266643767495139
39049005820,70.4866280717993,-2.60920432195857,-0.901045428656048,0.443630340200801,1.73492019888148,-0.366833343289572,1.16000147783461,-0.133892740648776
39049005900,49.346362805927,-1.73369413804506,-1.77647952926296,-1.28569333684225,0.585463769554875,-1.43811071939215,0.642034317552367,-0.674946069487623
39049006000,53.1151012007944,-2.14724242889273,-1.68048750465854,-0.786782788031312,2.45440434774715,-0.393985367431916,0.362011348459668,-1.22534439284642
39049006100,29.6092872641894,-3.64488351819206,-1.79735493559619,-1.16144149098233,2.22452019729959,-2.27099842224463,0.0284026504256622,-2.23119395586044
39049006220,87.4846368101001,0.154777992561415,1.92201305825728,-0.553858406418705,1.00847868308595,0.536714619438086,0.788792427680023,0.030049625531651
39049006230,79.3194984905947,0.538076712604628,1.91965570488886,0.700713357673965,0.43106294129643,-0.165582490402894,0.507203028732573,-1.95493502508285
39049006236,93.0148910426048,0.637131763773097,2.37545240394337,1.05212674687757,-0.400105435105717,0.593595667257413,0.178638086868526,2.98331280560899
39049006310,96.4165050444983,0.525997689883477,2.00160722432886,2.00979093066944,-0.103550750158175,0.62194283636038,0.811600707809299,2.74556959675043
39049006321,98.6369540313299,0.421025374283891,1.66706433694514,2.01516613171438,0.689542633800495,0.630174103607104,0.891175392989697,2.63560679075545
39049006323,97.6385779790374,0.398403262303083,1.53104845708524,1.73025783458704,0.95595711599478,0.677503047763069,0.671808618846902,0.915063542462447
39049006330,99.134579796893,0.383696715494965,1.65511068350959,1.73826049923715,0.825025629413063,0.737410587741188,1.39671094330935,1.9841464945074
39049006340,99.9956575746401,0.480888020971692,1.73853872621482,1.10175353768314,0.986139556939402,1.07436968719472,1.0804506522953,2.120971441625
39049006351,94.7754682678288,0.340016350462931,0.783301839369864,1.92923486439843,0.708823673775879,0.996506477839858,0.9913056716948,-0.0325600810839455
39049006352,78.4050587175281,0.270625551269938,1.14247798219743,1.93420074387054,1.75668494205093,-3.16499734163183,1.17374353709455,0.164052579996771
39049006353,94.8878227671401,0.242861991764278,1.19747174082538,1.75201160332149,1.39212033912304,0.774033515800707,0.211451146110796,0.669227696296718
39049006371,76.9826026898657,0.284620380335913,1.629519983065,0.769655697895962,0.856532111793203,-3.88295796891937,0.468187242608705,0.764863572151446
39049006372,87.9513499896523,0.285294692055323,1.48253564038025,1.44785884176855,0.851697051592215,-0.200741250177638,-0.20910576311463,0.258348176908556
39049006383,91.7493771148351,0.285675129603592,1.61795508025388,0.797868969493077,0.608935573832104,-0.253095547213031,0.757731648129426,0.723984855623011
39049006384,91.6223149288563,0.382551322964233,1.5747591163906,1.40342744565582,0.63227798004428,0.225097136998948,-0.268966754760091,1.11256311116075
39049006386,88.3075870915706,0.036753549948888,1.54474798657007,0.901041536111462,1.66948250867822,0.458168030654119,-0.697493386812934,0.977211121511975
39049006387,94.3027794413865,0.384282523861789,1.5468961555654,1.34550146925662,0.433870762957875,0.351821211774071,0.315784963424989,0.853308751669793
39049006391,90.2775802738374,0.556938821345911,2.03998044951635,0.852049795560657,-0.26667419906006,0.567551261785053,-0.281708831411238,1.98716721086589
39049006392,98.3880935582138,0.524855094019427,1.85767553789882,1.62930303117492,0.724304671856107,0.410050645955345,0.628878948957068,2.28414235529665
39049006393,94.3868873281747,0.549146573663776,1.62190252595568,1.18070850588451,0.152087726859353,0.248836996145419,0.262617328062778,1.54610851293454
39049006394,95.7722838753791,0.53258207443229,1.79367328846414,1.10419287626003,0.000729393405314238,0.357166469585364,0.970118264705221,1.11645245984672
39049006395,94.6862024331373,-0.0191456881025669,1.10059646439035,1.6027696052566,1.28523739304444,0.900897073722767,1.10414715205278,0.179705406121533
39049006396,93.3159632350065,0.18164676534792,0.998147637456715,1.07803783559979,1.13858529035522,0.23669850959971,0.449662926331486,0.642659850778394
39049006410,94.9627213245966,0.174787810656089,1.86992824809769,2.17328321882399,0.344191086890097,0.678346292547134,0.365048204034487,2.47033819536357
39049006430,96.2853302419134,0.1059244400188,1.95201353084171,1.54409997088918,1.49828798067632,0.865200473198386,0.359165184346533,1.99769309946947
39049006500,95.3283196495369,0.420223945097013,1.81683270403123,0.0168760558620171,0.695225375332423,0.886261113802021,1.01443157383419,1.94877254467729
39049006600,97.1399835602323,0.303147376189774,1.70911074618025,1.75479685659613,0.711508509756525,0.386350229601862,0.994410101497949,1.45063524179473
39049006710,96.7148389324178,0.241623154456901,1.34726720345726,1.38879368715095,1.14878486549088,0.810142980104676,0.789421516124234,0.629954661932992
39049006721,78.6404429393232,0.315394928371683,1.9565800488469,0.668733394317115,1.05216566650522,0.963105605195121,0.568798478891596,-3.6342997951167
39049006722,92.9191785297033,0.0433862836299661,1.217268122446,1.07616210756788,1.93185111321186,0.313095333299557,0.285158467618181,0.720973339138708
39049006810,95.6976924426871,0.45896902346897,0.992773577607375,2.11186268898491,0.676125036870188,0.577982510512539,0.150812763769754,1.93036549743666
39049006821,79.5835697486815,-0.274954172151736,0.411723526102652,0.321589986253699,1.33933838374086,0.0296330625737626,0.801049921961745,-1.09585867898211
39049006822,92.1824360202208,0.304094910611408,0.468828567696236,0.682588918364852,0.41124536934472,0.244820573121983,1.1042110872074,0.395961191712472
39049006910,95.5744107997579,0.187411167952678,1.88180649681799,2.08408163555292,0.379494402786232,0.706826146621456,0.484817666668661,1.90196140480733
39049006921,77.365596397698,-0.750084714354197,-0.536185039081897,1.15283924796702,1.19160794197252,-0.414525028098819,0.552632110997203,-0.424336915876115
39049006923,81.4203812920246,-0.375151271483502,-0.561109350185089,1.18354957573725,0.839341165720062,-0.190780207128047,0.713517730844261,-0.212247769963999
39049006924,79.5912871370393,-0.128022676279547,-0.738020229856732,1.44342050859919,1.3920447727176,0.0938971736896103,-0.581509683414493,0.357794181760234
39049006931,56.9306938373113,-0.73169655942974,-1.03313927391699,1.16224599702125,1.57118208620673,-0.482388724790261,-1.10079810452786,-1.941245327249
39049006932,72.4095679389645,0.128032990451488,-0.836981628913049,1.1766676576951,0.215996371790003,-0.0836773037125014,-0.218220960089082,-0.930194928619044
39049006933,71.3642267703597,-1.07733439534284,-1.05950599422736,0.865157324081638,2.28387139758859,-0.322069132739225,-0.0193303653992157,-0.450230127373918
39049006942,71.4407266744333,-0.111252675362953,-0.296837733247528,1.5730996630305,1.24962913022266,-3.20959728552327,0.212807395178931,1.03765342368641
39049006943,85.1121689190594,-0.0827619122398522,-0.359450811956886,1.39776137161974,0.653557757129605,0.225554379860033,-0.0221572544186034,0.527896747962026
39049006944,90.6931981933084,0.178686051384805,-0.0830407925359122,1.532128726011,0.526746314912073,0.391814224069816,0.364352078368115,1.19846741711462
39049006945,73.684940753265,-0.716557980935294,-1.12697342898815,1.21614044090859,1.24176795391634,-0.027779395621507,-0.0210539752456098,-0.557144852252646
39049006950,91.3327712732721,0.398350537623422,1.38298608318214,1.98090186435138,0.569615660289105,0.598791887871747,-0.587730862742091,1.91073125764019
39049006990,91.1021275235905,0.0930657555805606,0.591192145163342,0.991418336014114,0.487785744209163,0.602110145478182,0.57094139343738,0.0584973728989016
39049007010,90.8683368768607,0.233033098229156,0.943536765247701,0.209524444834107,1.08159556866739,1.01079760325191,0.578274092697524,-0.078332564593393
39049007020,80.7814658742552,0.202135453237205,1.29346580420539,0.820553059299779,0.295808978465638,0.389265826851442,-1.96140201914207,1.04960339379621
39049007041,91.615548119904,0.43563528947248,1.49268580736478,0.912333718032837,-0.0952972855286819,0.496584923865286,0.131116203016722,0.943743771834662
39049007043,83.448839739605,0.0184466546710276,1.04389733129874,0.62493744106072,1.14969855588782,-0.82646093679226,0.642412795500879,-0.193472039220843
39049007044,92.8567137419432,0.403969180335713,1.30022063164478,1.53398881369187,-0.238459310304823,0.255253461999519,1.17577159516145,0.94322132216098
39049007047,89.0768592793729,0.326260989010899,0.510181106366683,1.27650927035749,1.21074262561972,-0.667721372380802,0.507803595865127,1.21880054222553
39049007048,89.1816147128662,0.401290343231427,0.724621083171902,0.990432344728378,1.06407475003991,-0.927248634261285,0.915020492065794,1.31209858411301
39049007112,78.9127697952788,0.245500938804802,-0.234005473895673,0.920635861913723,0.431396746138249,0.178847511885339,-1.34116649580805,0.53324642762574
39049007113,74.3906852369567,0.0980761984166639,-0.265260919162481,1.04693987232752,0.68628254440314,-2.28207674712293,0.900390664491331,0.270732460171012
39049007114,88.8863983469891,-0.00733274979793003,0.222567959141199,0.468929967479098,1.22077439399583,0.610916969886417,0.0361828186448795,0.67464294137404
39049007115,84.4796794946709,-0.136283015441677,-0.275988611583428,1.39115365133374,0.969843796766905,-0.16500569256994,0.473565613606314,0.0545410054480498
39049007120,87.6857053727043,0.464684960615639,0.160114894334547,0.839184474655823,0.575424191279669,0.0557392763616242,-0.359157683412272,1.06727439088046
39049007132,92.2069884347357,0.367092367398446,1.35406417604068,1.13893437837929,0.565557526488851,0.0623534366108859,0.5103742815267,0.208517854327032
39049007193,82.0460092385257,0.255394004207688,1.27771408762819,1.10908665824253,-0.346870527445932,0.510142420015054,-1.20893906991922,1.3304791117076
39049007194,84.8906111444222,0.280409911402162,0.747713377231025,1.30178696704998,0.324601115212768,0.0304543113970208,-0.858658895417532,1.27382823968045
39049007198,96.4525007373655,0.506458853238484,0.641797364354574,0.880408500209473,1.40200154769124,0.233539816419416,0.893883903569524,1.04378000994098
39049007199,88.3083959916817,-0.180782767459645,0.141756477771876,1.44484757224855,0.93400473403972,0.146718438338423,0.234279435432676,0.644984474103699
39049007201,78.6301861599292,0.451206530963195,1.77629086757969,0.665332133685677,-0.96807154453245,4.14544093076087,-1.71040315943947,2.16973876220471
39049007202,82.5474264591856,0.250820883459444,0.297495047599263,1.31953214463523,0.00493308526627293,0.220652138543944,-0.86675774252071,0.814409611996325
39049007203,88.3206363748373,0.53906683197161,1.56454931385691,-0.445396427363688,-0.114269874949645,0.131111692609248,0.950711493046855,1.55609868100076
39049007205,88.1917094289865,0.493615691027365,1.61050584666239,0.627654615846002,1.11850020912918,-0.268164841112269,-0.440384356669561,0.87084359944866
39049007207,89.8153521029244,0.507313902571521,1.41702076527095,0.904247880396266,-0.497193201793122,0.0702717202885631,0.535962268399354,1.07522394535281
39049007209,93.7722729304126,0.448042017791875,1.75631895092312,0.813677846479136,0.33471288748668,0.588914432640894,0.0874493093501381,0.93548659268
39049007210,90.2674827194466,0.443170383168537,2.14173857171134,0.100354649923279,0.210039341177745,0.544395672657277,-0.106229771870458,2.53771292291379
39049007393,92.859771344396,0.338921909854773,1.64111127003096,0.845406162562853,0.00861981035879606,0.481734649831492,0.58444701288036,0.706439721971285
39049007394,89.4936341939098,0.380337836412718,1.31446777271278,0.913272216582466,-0.226197991791169,0.142276137683876,0.129827945213623,3.49663526263556
39049007395,80.2306367934723,0.308199706016282,0.676112590688152,0.535799386922236,0.984291071265544,-0.124794123240793,-0.229564352759127,-0.847690583411644
39049007396,75.570051489756,0.470153395184427,0.538511434693385,0.370503872880511,0.35374888777703,-0.235069249314725,-0.395217581923287,-1.12233043870998
39049007424,88.1362530589854,-0.0566408333799697,0.61796810061422,1.60858926399272,0.67330265612212,-0.405186865467164,0.704906691256638,0.434931109994673
39049007425,92.4155358494768,-0.192985553587009,0.536842481538515,0.940132245678455,0.706436462530401,0.447229862932924,1.11885283174853,0.61918847454285
39049007426,87.2653201493416,-0.341345805638196,1.09293661682977,1.10882570906734,0.729896793626254,0.239575162084697,-0.370654042860671,0.992784364609902
39049007427,80.9045439207666,-0.237171745711605,1.1495429229419,0.838299037585589,1.15514127041709,0.233460990667238,-1.74502109070093,1.1368504216882
39049007492,91.3973135074843,0.105189821841815,1.23736283308519,1.08258492629109,0.731801615113886,0.0210195013398473,0.259702864191703,0.947746407646859
39049007494,93.1363423185936,0.404135566250822,0.625727812745989,1.05034723550262,0.669331397881108,0.237384993347151,0.20512498493369,1.32841748474193
39049007511,55.2897788625777,-1.95459941247205,-1.65868659096241,0.200174934677706,1.42907350331246,-1.90081475395799,0.854751347168186,-0.592294283398952
39049007512,72.5426786567861,-0.622605917066166,-1.37007005541861,0.694174024103985,0.370524640717899,-1.06089834645081,0.66199329151114,0.893147304286865
39049007520,57.5007333596418,-0.999358875157539,-1.7029842104926,-1.34860970792635,0.52510978346998,-1.17959008376636,1.17550685112042,-0.244318884666763
39049007531,73.5937702404081,-0.891316901613892,-0.69858188342501,0.967153646072236,1.53037714364128,-0.250548137252359,0.942807487777504,-1.05325292144244
39049007532,69.6110832827343,-0.101942183014915,-0.998226668615607,1.49488627441975,0.869689851881819,-0.492063934737508,0.360343295900378,-1.38126270022758
39049007533,61.1110652110973,-0.473260614303425,-1.32212857286824,1.10101074757103,-0.593001253854031,-1.1691637431703,-0.696324335809974,0.586292077127046
39049007534,49.6447271324848,-0.48806781203063,-1.36138107182086,0.130366177898257,1.06331082993152,-1.42575454692278,-0.452360862473663,-2.3567032564647
39049007550,75.7954324787734,-0.465187186505678,-0.844270075884076,-0.0345249289779769,1.20117257952835,-0.722918996234345,0.956187799116219,0.457272774601762
39049007551,74.7957806331156,0.0835341654049281,-0.76693456790749,0.413088626194119,0.977494650368971,-0.720343635089938,0.981308839130533,-0.731963862527759
39049007710,71.9284080977064,-1.26295250980186,-1.2685380342555,0.722856241054087,1.8806820693025,-0.470947773646834,0.529210127079158,-0.222636852845246
39049007721,50.7301524435277,-1.40335550720151,-0.760457760774091,0.384227871959269,1.96317620297605,-1.06082207243422,-1.37052859630926,-1.61351535672537
39049007722,75.4979918998067,-0.223672942075804,-0.769446511163311,1.18161877672582,0.651835596737759,-0.282002079635494,0.245090437902229,-0.695502282012355
39049007730,88.5023129710467,-0.176686977612301,-0.159482837087236,1.61291440048733,1.0778021512988,0.174885849107716,0.98197397268559,0.197131168244093
39049007740,87.6208629156833,0.131300814283388,-0.179874024675442,1.73955375979529,0.341145888911428,0.168335589597143,0.44920799070154,0.346996060789794
39049007811,95.1033061606073,0.388608779400729,1.19801720733316,1.70441112046833,0.689599787565056,1.88832765984138,0.218085531690073,0.426586175723322
39049007812,90.1865429618561,0.0150195541282735,0.843353073882614,1.09709274234577,1.04625273306339,0.606199007875544,-0.151872345507604,0.420942985345302
39049007820,90.4502879622225,-0.150100340994274,0.742087675779263,0.360085041755675,1.72404532444997,1.89284736783508,2.78800902440724,-0.258844795459107
39049007830,97.0326960801409,0.15377661140061,1.06741295339843,1.45329014695503,2.64671435407768,2.31943196345051,0.872899650583719,0.638336807216286
39049007921,85.6407941628507,0.609933170924154,1.6142171637181,0.765628103453333,0.500280071532757,-0.281529274706929,-0.458388613893251,-0.107173579984032
39049007922,82.3540722961571,0.545110355967245,1.54574047779633,1.04720647117702,0.45178455007616,-2.23837972167224,0.634442847016614,1.26195410279059
39049007931,94.9496849742226,0.539698081325103,1.07682508906658,1.26936934937385,0.446052429686226,0.200975789861769,0.521487455653366,0.634074095798749
39049007933,98.0112547046634,0.510147865008821,1.17908158150783,1.53299634792414,0.74387569069512,0.355882631574999,0.895136159108014,1.35492040319707
39049007941,93.2720969771939,0.00209980105596649,1.12263634684511,1.69490306987807,0.553812249628169,0.232016764636073,0.74740157752992,0.817396576078024
39049007951,88.9090674696822,0.564741269348725,1.67347581876459,1.69220130126044,-0.509244982747794,-0.22774662871521,0.426493349594672,1.08389690542394
39049007952,96.2899538119811,0.40083173472953,1.5678773043035,1.62714057313157,0.374617885165085,0.358046153153689,0.761642098483613,1.37897591423258
39049007953,83.8342296193382,0.445347254955267,1.22625506165022,1.2261048839333,-0.564015343690381,-0.325885110772513,0.200102926098067,0.235863184564904
39049007954,84.0462342955116,-0.184016217010597,1.12662541982014,0.0831206619640683,1.65031786703664,0.228182718554974,0.017776755124926,-0.205792569744006
39049008000,87.5204102196137,0.469744290590943,1.10814613221092,2.03477017096156,-0.843072127941748,5.03656524081137,-0.244291192783046,1.72171533796467
39049008110,65.5701854939326,-0.935425819463085,-0.872148090395965,0.635809964623258,0.934417604541679,-0.423952684497245,-0.0351149704669396,-1.26232029912305
39049008120,74.1092717941964,-1.32996828222583,-1.17653120404632,0.564268137101641,0.826502859471584,-0.243697693326506,0.504928661932161,0.108634882551444
39049008132,67.6450030330036,0.00396100212031231,-0.352052536852884,0.564850639014148,0.111868723559677,-0.620984814522535,-0.350620139402911,-1.05116440145595
39049008141,77.8967533164709,0.318792918377019,-0.281477691902,0.964118622435472,0.24116446603161,-0.803630569005469,0.172224924979307,-0.273266637065925
39049008142,80.1607500620087,-0.125707156228059,0.0206944759085797,0.941661554485165,0.454579551343168,-0.318572841420414,0.493438580885668,-0.590121627622228
39049008161,75.3916137006441,-0.197248170418211,-0.192562949721097,0.87399185979514,0.0262433846007934,-0.946522273311712,0.429238810769151,-0.156313667100098
39049008162,74.2852061235428,-0.0446830718480927,0.0339382954363484,1.63982673857638,-0.338174389599534,3.8817190748788,-1.47676971100002,-0.178151319922305
39049008163,72.5089393153861,-0.167489183176482,-0.71051091482928,0.166472635132071,0.393101571840374,-0.569472912279282,0.244345584638905,-0.410073686282977
39049008164,71.9942326769815,-0.261815638074494,-0.445946886228544,0.664439557465887,-0.515589936362973,-1.34992538408265,0.884542644136667,0.527912622412177
39049008210,48.6873050858127,-3.24796698350143,-1.0736356631167,-0.614503007473893,2.97598893390326,-1.53757770891123,-0.58753638367307,-0.118114530858
39049008230,70.6076822332308,0.213076347732977,-1.33496458821431,-0.0208202483070498,2.60302364832621,-0.455308612076547,-0.130873259154604,-0.395973228018227
39049008241,75.1696716523312,-0.506571626328906,-0.643132281283848,1.07211404790758,0.605750427535436,-1.07952020711767,0.359519422750656,0.18742305471021
39049008242,78.4601507820302,-0.0286574035265035,0.0833696923007852,1.60883748461182,-0.112894497260519,-0.516437689000587,-0.360615432359068,0.698275589416694
39049008311,49.7086902066238,-1.37732471899203,-1.62223418948562,0.919563270987497,1.26457609829368,-0.471759649681289,-1.13193596445854,-2.47891163498549
39049008312,54.6823226897525,-0.855736008035148,-1.56870055669775,-1.33255321299903,0.408622686688801,-0.453985493176418,-1.24476218013054,0.335216588457371
39049008321,76.9141637033446,-0.496878826737326,-1.16797783991059,0.992066896584222,0.161639349374692,-0.312252875167151,0.286912404031012,0.806742379039353
39049008322,70.7348957618894,-1.07560891258656,-1.60163146393779,0.966630266856305,0.189885950125725,-0.629713239054464,0.831750430358073,0.128193554103615
39049008330,61.1031024041976,-0.665776977348196,-1.6107191426423,0.0423252281768531,0.950986098813195,-1.81445160423597,0.856827658667008,-0.431291223824121
39049008340,69.9216393849172,-0.443586019023446,-1.1698389340377,1.27545120052345,0.841775568789354,-1.39533823350187,0.738281607484683,-0.41324286528489
39049008350,60.7062984059747,-0.754748250560757,-0.920797338802461,0.338542303251484,-0.0647098495922296,-0.734985553753247,0.0214191822727619,-1.14125851037649
39049008360,77.6874802761811,0.0730444394052353,-0.898949358826801,1.15923603617315,-0.403326079154369,-0.523608053696662,0.689424046471259,1.00310821530449
39049008370,73.2320364821093,0.166742631857627,-0.250825352163877,0.934045827952726,-0.303099384763892,-0.360096831718196,-0.928085897859409,0.31897733107703
39049008380,76.1418487566103,0.121137899627169,-0.586013109994118,1.51043310535695,-0.114314295801136,-0.210931982867085,0.247519782397711,-0.58199057687574
39049008400,96.9773461190539,-0.060958906124238,1.47313742453429,1.4085402769278,1.23615153419631,0.841894563966585,1.22227559810311,2.0747357244769
39049008500,97.5090986246374,0.0707450074575314,0.881368752887482,2.04277960282291,2.45326606862191,1.2393989225986,1.01189248584408,1.9528614822549
39049008710,51.6212182347178,-0.613012024718042,-1.8820968070011,-0.747471951242468,0.505171933385801,-1.83882210635603,1.3646324599464,-0.945752110579432
39049008720,62.8527544187231,-1.40304229022697,-1.9655815729136,1.13967355070239,1.61078586803983,-0.841671313512679,0.3524500678878,-0.569395220436197
39049008730,43.910094070868,-1.25785485773796,-1.80486769149353,-0.78679143904129,1.93007234800104,-2.48122154879591,0.305554593162196,-1.18076898500162
39049008811,58.3219285537753,-1.73068771772699,-1.45811690608962,0.521109236712392,1.26107318030286,-2.92398644990899,0.962662828115022,-0.0895871121386987
39049008812,64.713901844414,-0.903892465961061,-1.13796792299801,0.129725087089551,1.45011676139797,-1.92891839597492,0.758088642974786,0.0918441245309842
39049008813,64.7421022099237,-0.320826719145338,-1.1266348982039,-0.19721892211284,1.47043810574083,-1.64292019457899,0.218760037145335,0.00408400542340564
39049008821,67.2344202059576,-1.29116381346216,-1.7665610018023,1.27702810710441,1.19202531995196,-1.03052732721658,0.124149007864574,0.334598619077574
39049008822,61.1085043647552,-1.67471313204659,-1.2277371751797,-0.151981019064309,1.19570640030923,-1.35153284024012,0.242859614304111,-0.0537343131732568
39049008825,71.0969498358814,-0.0618588911536461,-1.01304917777926,0.504059308288925,-0.221856543020471,-0.908092602064588,0.807360929853089,-0.125310193480378
39049008900,93.6597110330268,-0.0759768365634404,1.08937635314898,1.23822161524322,0.590678393914098,0.834358866405829,1.05587062600074,0.266854172210935
39049009000,95.211154922119,0.116606776136517,1.32823095124552,1.31811926457845,0.333022447838767,0.933606406663954,0.563018275889982,2.5930477672919
39049009100,94.4726224164716,-0.0176444657822199,1.3379173526563,1.5574055737887,0.21578465375793,0.760247086732672,1.06813567835864,0.98050036258565
39049009210,50.8264177660791,-2.13287867489986,-0.757356194347221,-0.189649507067933,2.50513268020928,-1.76561416726808,0.424005471426834,-1.46589216016429
39049009220,68.4813662387206,-2.94250286217828,-0.459435184387772,0.476905112136881,1.00882426073283,-0.249267222299111,0.298897113461261,-0.421871482082897
39049009230,54.9405536680333,-0.785450496038367,-0.562844378203763,0.93097515678241,0.930973250952475,-1.3117475392216,-1.03979792856293,-1.69697825735951
39049009240,81.7647592034075,-0.760420285614468,-0.817198482980017,1.05467032633644,0.616537835908474,0.0427589775234168,1.15581970797025,0.163488852336437
39049009250,69.5045821811475,-2.8483492226206,-0.510926759908838,0.8118983781526,1.44372892879041,-1.07384066314468,0.843355136513779,0.250566396183637
39049009311,72.856138244663,-0.414213830898477,-0.797603929241375,0.20293369940009,0.323856489120029,-0.456709222787075,1.34742292043647,-0.64608754362295
39049009312,63.66106452115,-1.12282038920033,-1.14301153221052,0.348065890876581,-0.100625344790386,-0.969903608327991,0.0987677626539255,-0.126700233645472
39049009321,76.887527414331,-0.651702714708712,-0.691897611794732,0.185232519019453,0.19657662573204,-0.441347667171618,1.10634159919582,0.418481845362007
39049009322,69.1794595401227,-0.421016927383768,-1.07712934360261,0.0610548455828685,0.128637410193069,-0.299368864751661,-0.503213815583011,0.304441100286175
39049009323,60.944114196417,-1.0207992221883,-1.36717975847624,0.0655996219912463,0.465837548237548,-1.78966258052258,0.637657874382713,-0.207456793460275
39049009325,42.733449593449,-2.31678417999378,-1.16090434748371,-0.603731930090068,1.90230459838653,-1.44318845148412,-1.4523327340082,-0.760745410959463
39049009326,49.9439858350358,-1.11151001480655,-1.2337706303889,1.97032574623701e-05,0.752097576737903,-5.936274641779,0.0696774501150741,-0.856823139728448
39049009331,55.7643707350538,-3.44465786958865,-1.1924663545521,-0.460910393417038,1.93200965350754,-1.25947059497101,0.0963491811331382,0.332684340653177
39049009332,74.7985271855164,0.0608467328388459,-0.224537995554806,0.824491614117615,-0.655421208666989,-0.200794132698019,-0.58465749074782,0.896602034696705
39049009333,59.1173213121482,-0.346138820968793,-0.842222864439911,1.05696564384972,0.386989622661067,-1.63055361454803,0.728523105684636,-2.03264424250138
39049009334,61.3949344864668,-0.475845292923668,-0.651304254011899,0.997704224609047,0.230686918850048,-1.82424132199807,-0.901546341769168,-0.0860488019860086
39049009336,72.058723907237,-0.138576999463297,-0.688313218059926,0.750364648194895,-0.491695699870294,-0.205328045939788,0.642560989208449,-0.722615108163959
39049009337,53.8007763531281,-0.368786032669551,-1.15614545546442,0.041279675100682,0.357848627715769,-1.41421951416797,0.0756441227958365,-1.92318979630077
39049009340,53.3303996263853,-2.06593013395517,-0.66197620172884,0.412531858625586,1.62022566968392,-1.79449476349802,-1.50429260250784,-0.00364162856773733
39049009350,81.2696791950026,-1.16724123111099,-0.241222766780525,0.564624366200217,0.720227635519324,-0.374717444269216,0.928582151530147,1.11129910505644
39049009361,85.321906502058,0.19824233932683,-0.329839205836405,0.345552397095732,0.264372468057465,0.167036539723012,0.609101434524148,0.351702018251128
39049009362,85.8388952753633,0.3024243651489,0.061139958407878,0.0147452246300181,0.527940612731134,0.237168866621923,0.479407455204248,0.114687390046043
39049009371,60.4350809183711,-0.973465953648685,-1.08286814940161,-0.291865004049385,1.09638692925559,-0.7241799407769,-0.763262940216338,-0.321675114375099
39049009372,72.6954766985731,-0.369993946695422,-0.0778358229565937,0.170885831469496,-0.567252027447804,-0.632022873013178,0.317774839782024,0.288159143686164
39049009373,60.670519761795,-0.590149516940155,-0.28796651363814,-0.404815290320658,0.274155439423791,-1.0959212606217,-1.36136265510831,0.16901497968525
39049009374,69.8241829825821,-0.268642600741311,-0.0520768308532796,0.231403393200807,1.716860182283,-0.476452873935456,-1.68686203727527,0.0298729369595994
39049009381,71.1311104813863,-0.0483369883597193,-0.0340230667842996,0.307971774356072,0.720589272558281,-0.0898700879442016,0.0621614060946555,-1.75630619842652
39049009382,85.3682554726167,0.134336342715422,-0.116152782843629,0.333360083096329,0.513041068309552,-0.334372274863536,0.812067269051509,0.804865066725163
39049009383,77.9980462731099,-0.658956902139533,-0.456556671731915,0.108562145831541,1.07277966882859,-0.315430873547065,0.531392120249357,0.0579158878554072
39049009384,80.3360167014841,-0.072021748858681,-0.0286975600488277,0.109264821706304,1.09858580623859,-0.0245223726300207,-0.301903016928189,0.213255729309533
39049009385,90.2738767073308,0.222278045142532,0.226411622170299,0.612967494522813,1.20641198735904,0.0728026653953016,0.429485902160598,0.744931208655536
39049009386,65.757705884747,-2.08200073554967,-0.243211837686788,-0.109029715363548,0.426265782398004,-0.966226944499145,0.228079442140988,0.0548364472727563
39049009390,86.2112350761591,0.346064718944438,0.432794797989487,0.695265780185676,0.303921451561822,-0.206004713424377,-0.101858464536393,0.638815716573357
39049009410,72.4112715007993,-0.250727605952277,-0.648763413565002,0.0214597101571956,0.679488437388744,-1.39703992965432,0.353019580067891,0.942762633256155
39049009420,73.178131613471,-0.668838311937215,-0.719927896677932,0.780529599007859,0.515648061182172,-0.515537566910075,0.200145963714766,-0.432659548030474
39049009430,76.1720196072573,-0.016486393736688,-0.703488457207687,0.613913717680475,0.179519703301271,-0.161087419856295,0.302204837232558,-0.54657316501728
39049009440,86.1083457656553,0.143054754795968,0.162513705986766,0.525647984620385,0.804983075066902,-0.227073711402032,0.878164896090404,-0.0994149966726099
39049009450,85.5142815194918,0.272159665928706,1.072767753905,0.562685327721679,0.48068390398756,0.0385193093123583,-0.432711492565888,0.25522772130751
39049009495,82.7874103189163,-0.0345244454949004,-0.196885557389891,0.205905918839614,0.787633278139233,-0.234250548707424,0.560390736128537,0.209089115726796
39049009497,89.2996299604041,-0.0807159736499574,0.0382253635395478,1.8304676644713,0.103117157518695,3.45837157407978,0.150126112834555,2.56562410463196
39049009520,83.9927237971435,0.381181487026744,-0.556764882916933,0.269207893540448,0.823336970010984,-0.444110031818963,0.706312347748682,0.720099192507414
39049009590,80.0518147561685,0.327137356262884,-0.00587845510618587,0.369230443867342,-0.00898598766928187,-0.583738611845927,0.0366724111675989,0.547570627713872
39049009600,79.7739968856238,-0.600836868397297,0.157409287838874,1.26986585948952,1.63409812598565,-0.576288534693295,-0.242807893197014,0.288616722503618
39049009711,84.6700733085556,-0.277370667865236,0.203001182357306,1.15832712566183,0.658967565542403,-0.48965022868261,0.866163288104344,0.131043507709073
39049009712,81.2957367688507,0.245064896301005,0.322275389255066,0.847089638084203,0.662091278048594,-0.459045623572245,-0.559634151579168,0.270282485351683
39049009720,86.6560574791813,-0.958614773854519,0.149832031132421,0.979026904142531,1.45190227142225,0.369235086090916,0.697896312810586,0.115927484105563
39049009740,88.1623799808349,-0.183602841078269,1.33366215132441,1.02575274991244,-0.195506219014479,5.83743686800823,0.216782706166448,0.314920969444926
39049009751,84.5063299523792,-0.280634656580132,0.498045940575819,0.439486897300905,0.0444441302884869,-0.106532103047727,0.211382395039161,1.72352110484666
39049009752,86.1818122367741,0.341515980573564,0.36492979380954,0.89171633797932,-0.328247946603124,-0.254703494359625,0.510882757814203,1.45824420419796
39049009800,83.1081413331914,0.438456334896424,0.0633308394794906,1.47697085067497,-0.562409365115962,-0.175273895951974,-0.0170697236766719,1.32456750501352
39049009900,59.206975357329,-2.90100031892721,-0.237464053643357,-0.263764557188692,2.4645429986713,-2.25733335196156,0.532168999646511,0.483783274973723
39049010000,95.2560888543626,0.357995759465195,1.36801353049165,0.768679905641296,0.0425528684128508,7.28931171957221,1.12917310198547,0.766534416244118
39049010100,55.8271577829583,-7.39289543739593,0.205482895586131,-5.26819202229715,1.44795509024066,-0.144496737201394,0.280643608252204,1.27646777853316
39049010200,66.8252057872374,0.226103492563518,-0.0112992473446588,0.333332962593312,-0.0240237876443985,-0.437599764164485,-0.131059454617836,-1.74788389327351
39049010300,71.9351252887774,-0.123535445188034,-0.54704760959192,-0.618416807729738,0.748559760242468,-1.36046204412755,1.35137910772028,0.520389299335235
39049010400,89.5859449441812,0.626394853879811,2.47561653205729,1.1250302475024,-0.362034493049566,0.398211824678707,-0.394827349823802,2.34072555414935
39049010500,89.0296842932985,0.51295106532435,2.36789263082796,-0.162170739623533,0.0148936853627072,0.35457490931949,0.24120760623231,1.0888686414892
39049010601,86.3912879914151,0.584942427671179,1.57918290647551,1.02060544891161,-0.653423226083845,-0.260250349841628,0.331645600568196,0.495964709341117
39049010602,85.8673126867681,0.596356026692898,1.34320107675731,1.22427459436702,-0.0207930394977751,0.217335945203612,-0.285649985378745,-0.405075547000356
39049010700,86.6646521080804,-0.111352543506184,-0.0708445711396248,1.12741303079033,0.708013277003858,-0.0194150580033627,0.149477520783335,1.10022101924797
39051040100,71.3078994464251,0.449950720991081,0.420707246330947,0.249152460641056,-1.57842588243227,0.287664863092019,-1.18262212859353,0.222210356486482
39051040200,83.2344986807597,0.339518893982778,0.260247628574963,0.55754000006031,0.334578988505257,0.124368006261313,-0.779774451686981,0.748712547646915
39051040300,76.3087518483838,0.534197708047303,-0.0642787352002739,0.562388970362143,-1.6862032402014,0.522098920297945,-0.53598915014195,0.522622092539577
39051040400,78.7102918643559,0.629496978846,0.441617754765223,-0.191601163898605,0.201650057350808,-0.193033435411444,-0.408992732760156,-0.3366659369852
39051040500,76.8184440634635,0.511161600941501,-0.31532229087362,0.274336900685779,-1.17127092314415,0.413959609233621,-0.373014430622581,0.78814913019945
39051040600,80.6186826062944,0.463762897914246,0.411064840770928,0.130228927489753,-0.272117512836692,0.603890408689608,0.559343559818063,-0.889523818502976
39051040700,74.7257566304638,-0.383446781031437,0.544347928643376,-0.137302386889048,0.388580685662291,-0.0883455174382273,0.389633503272587,-0.98846990865535
39051040800,80.5922853875709,0.530734989991359,0.46749878176158,0.0463710131587752,-1.71035610660959,0.807583144071578,0.944305172273451,-0.0996911655337487
39051040900,86.9658418624311,-0.0161116828117893,1.05443581280597,-0.0621474557516053,0.499073239820736,0.235373859658225,1.20279570791337,-0.0549930077202697
39053953500,69.0596068354709,0.469761824285434,-0.957929730543439,-0.0494754601238941,-1.57058199463124,0.282452274413722,0.207658757134016,-0.326437959297588
39053953600,62.4967118425866,0.506393000704911,-0.559405585209391,-0.00978738144293066,-2.07366596646741,-0.502659879519402,-0.472930086814516,-0.096952842956725
39053953700,70.5212906943077,0.614775452664607,-0.566065868518725,-0.765129685438241,0.0501608561447374,0.368117666996439,-1.01022241952526,-0.324620802477537
39053953800,66.9170683481758,0.48710216586946,-0.937778479314581,-0.00756568016742731,-0.333226519987846,0.372817008376758,-2.15695437782718,0.363276734666784
39053953900,74.6106487780678,0.450644174367151,-0.192346943081524,-0.186573818174074,-0.862402124677539,0.641467671782163,-0.349659992368708,0.0387286599687551
39053954000,71.8135830689009,-0.146183443299831,0.0423567596779197,-0.809983188503792,0.591871307340516,-0.710599396295371,-0.0704211951026734,0.146335830450729
39053954100,77.3472494258713,0.121501976433004,-0.281017203905332,-0.138186012481874,0.563839969803981,-0.226045823030497,-0.328909005721929,0.398043356298209
39055310100,77.8867528807934,0.545492814676703,0.598427053832567,0.36242912107241,-1.3954570075112,0.620020436197001,-0.760628576477572,0.531566361577581
39055310200,80.8097630742892,0.548936440756808,0.802980356320267,0.691023616932863,-1.28152195436854,0.679871804555551,-0.779746110329518,1.4758258663486
39055310600,95.1401184201566,0.556476137804998,1.6168103636293,0.378486191126584,0.613376886958115,4.52414933700518,0.0551884295569497,1.19241946037603
39055310700,93.97477453502,0.576122633999964,1.51355160992016,0.560639548109077,0.309004696403013,4.40688280033218,-0.140383872623199,1.20166937280117
39055310800,95.4213338761354,0.599954320073087,1.60038712670125,0.876749253855911,0.4121044320016,1.98432082563358,-0.059628108072952,0.884446194567982
39055310900,88.3774960212892,0.608159759504996,0.908490641949522,0.332797507435309,0.391479127085517,0.657040667728447,-0.682679688897692,0.657794782000261
39055311000,62.835199837319,0.649067000505603,0.108051628963379,0.566956774230003,-0.916074209537301,1.32633799376438,-1.93102783911119,-1.72610658062544
39055311300,83.6736765711432,0.611632313151692,0.445666801268246,0.489929562377923,0.520790570275921,0.128549644485364,-1.07791308393199,0.261493929654367
39055311400,92.7655301840184,0.495252437779408,1.15477086963127,0.671762394619304,0.490005570792692,1.09378738139834,-0.271595208574589,1.03551970327072
39055311500,93.2151816414797,0.627784479748083,1.97399775036155,0.607469447069862,0.334708684006961,0.547579452038172,-0.293518282594313,1.822124376733
39055311600,91.1363814638961,0.691804638038328,2.27982640497465,0.405931687310076,0.494102815325417,0.28371053699418,-0.5852762618182,1.39828797375265
39055311700,90.6569927816937,0.436370170594296,2.12707500800114,0.574361479141859,0.765083813979185,0.0101844642123935,-0.271596096919899,1.97724322046761
39055311800,90.9739135965851,0.427286340325759,1.82225285301965,0.0741919707518404,0.649627586699974,0.281323061021355,0.0277125403709425,1.99070980077676
39055311900,88.6158253683016,0.620109301890381,1.24042386113036,0.897924040316477,-0.858568745820181,1.4090571172357,-0.156141864465013,2.28104682346559
39055312000,77.6022683600646,0.634202713456889,-0.286899346804214,0.469178289692465,-1.08643729275011,1.26666179589489,-0.902176735595394,1.21068788520523
39055312100,77.2935731913985,0.692823085166873,0.0211100536036674,0.344185108756949,0.0122318241762575,0.943372657257687,-3.05075651935795,0.779330439544413
39055312201,91.2142510410362,0.67481421180281,1.30026272227609,0.103628452800221,0.936904231800461,0.680012910254361,-0.287263546094021,0.39423468466732
39055312202,93.4336522216441,0.605006437847312,1.4055747124474,0.653341696101047,0.344258889324143,2.00983437859219,-0.314594029434268,1.15916496443186
39055312203,88.3930085204559,0.491492862279632,1.15763987118089,0.491624776341754,0.393306262931585,1.20690144002575,-0.8553161776964,0.921385759033083
39055312300,86.6132430681303,0.638111043027369,0.141209538057934,0.25512135963092,0.425392534637349,0.276374305964959,-0.227209583567075,0.152710718960856
39055312400,63.1285962909703,0.6357171944977,-0.118321049314756,0.32215032339701,0.0991691058975038,-0.174850663326792,-3.15936456014636,-1.09624278527175
39057200101,72.0139544529786,0.228328268778584,0.186759543642104,0.124740943034874,-1.06432006746683,-0.587215944649196,0.0947530474105936,0.0831098788044345
39057200103,83.5126938464089,0.0314835102844054,0.571669850756204,0.303061952533217,-0.302786931936898,-0.076606227928237,0.862263209395889,0.199163808479848
39057200104,70.9688988203813,0.422768728806584,0.768074657780079,-0.27024125531123,-0.68075510415779,0.157135719393221,1.43051382488946,-1.82341253174198
39057200300,74.9500467904525,-0.125697902266426,0.103143058652457,-0.314524566589739,-0.383415343920113,-0.437706912421921,0.35548614937394,0.569430829562197
39057200400,68.8703665676061,-1.02991092703237,-0.203470264268915,-0.809584808116749,0.548673734058856,-0.763524161099631,0.294413346181152,0.168721727924417
39057200500,63.7316114150563,0.0416737930141407,-0.241045176615166,-0.411229914347117,-0.422387387804399,-1.23246149617893,0.8586443448219,-0.830630905219915
39057200600,79.5819823504263,0.313284013327076,0.648529239214634,-0.0201083032470339,-0.39687176945548,-0.149060731006253,0.420783020236098,-0.196135550340077
39057200700,53.7429162823734,-0.212752882019774,-0.415290868244868,-1.03337804525356,-0.765635270265386,-0.656761712006648,-0.350340007850028,-1.01671069398283
39057200900,91.0136387004002,0.264799434180444,1.0801849476473,1.37465449125134,-0.48202741657704,3.5716871300683,0.560948819789054,0.79283727607806
39057210100,85.4008279623176,-0.502433579914321,0.815836634043101,0.50817490230658,-0.0614449793381295,-0.106757583203765,0.992164758738374,0.628798494895012
39057210200,88.8615564664918,0.466232617539067,0.644927382331062,1.29395165742769,-0.95314988482111,0.44270878932073,0.793233868590966,1.44285718076583
39057210300,90.1745078593488,0.510539368051084,0.905776893979623,1.20614107184181,-0.73259456371566,0.332751280415716,0.759816443183143,1.22841801200669
39057210401,87.7186702771597,0.345216077225533,1.02587454135534,0.680937971949692,-0.576923558486833,0.619762786574322,0.370794050066987,0.42044630254594
39057210402,90.184919959704,0.437670993813331,1.16232757231792,1.19573781046861,-0.777160940461662,0.398084688412403,0.897747534412507,1.13634129908515
39057210500,92.4920177693441,0.531480907525713,1.75305432878396,0.770516370072584,-0.471744025542982,0.367877133360224,0.725306064545405,2.18398580419465
39057210601,89.1643205356752,0.510503641482434,1.41025982150476,0.496689393386145,-0.515461542146614,0.342062868041039,0.682759882757377,0.35274952319236
39057210602,87.5457560126708,0.416937656964031,1.57242981799178,0.0684058054064607,-0.51109523554528,0.160932012106275,0.819739019153023,1.40567584609636
39057210603,93.6493413855007,0.597669102898712,1.59567348841366,0.545493720068516,-0.549919626190105,5.31260959153245,0.791594842928928,3.1508601755096
39057220100,89.0304047490814,0.43469416993534,1.62952168113612,0.326958972829088,-0.357739114154141,0.260857698095816,0.369399070857163,1.52253182293088
39057220200,87.2178180507971,0.100770870373722,0.925375596135999,0.272172317772534,-0.275072491280838,0.315472961332813,0.715480511241118,0.680180876198293
39057230100,85.1178523787474,0.488490681795496,0.102112780573861,1.86244298204294,-0.427423305225657,1.0078023478564,-0.528312706949293,0.979079346365893
39057240100,81.7850675530983,0.0947866580075232,0.0460705175405161,1.12589858401927,-0.37114357794412,-0.143098037652833,0.337231578721794,0.184031731768365
39057240200,68.2570386864108,-0.317723784745292,-0.461131844993678,-0.283682827498351,-0.433219796592989,-0.541943449486644,0.428272373907381,-0.276543974309378
39057240301,74.3244653551774,0.338010160164701,-0.16100397492256,-0.00408351261822878,-0.37346221910655,-0.340612046226491,0.066333327037373,-0.219942648713519
39057240302,59.8901071070825,-0.495625289965686,-0.715009027552023,0.0909331473154093,-0.33966696826402,-1.11257022843717,-0.506946325515597,-0.424122574666042
39057240500,85.8514311746662,0.180570623034199,0.453192776499365,0.833191411728256,-0.335058939708523,-0.00970207181044096,0.574028824710166,0.480388503333679
39057240600,69.2210345518746,0.0729807037593108,-0.359028812663782,-0.984463890004625,-0.252178774816631,0.896107305872322,-0.120335784204629,-0.634569714668448
39057240700,82.9045279059658,-0.0669842796561697,-0.527280264169798,0.438257436219421,-0.169263779218184,0.685952623908907,0.628445387886473,0.26953624969201
39057255000,87.343642254296,0.436557389737421,1.49273430187748,0.133517490808083,0.00207515646443495,0.339504677437444,-0.113360688206407,0.645104512086766
39057260100,87.7401431465464,0.645435429457702,0.86307276019942,0.297982562993882,-0.200847851010383,0.824046862922305,0.916607793750718,-0.593570353924784
39057270100,74.9711622183253,0.290284696686521,0.360690345289936,-0.219182942762177,0.110640865700927,-0.191953734488658,-0.829999544610907,0.122920898042869
39057280101,79.5269601494815,0.483667572004886,-0.133185173486272,0.481065569493305,-1.54649936701319,0.764132799300157,-0.137795725691906,1.18455412801174
39057280102,72.1261966404466,0.54376849275521,-0.531984430872879,0.35712637223604,-1.8906718116181,0.349374239886136,-0.628579682288414,0.905683211833995
39057280200,88.7393645463487,0.454578605756085,1.08134212724171,0.334167829826557,-0.613673639055183,1.42511477752169,0.270310364174755,1.63448042267159
39057280300,93.8443936101581,0.648320742475869,0.407258811958559,0.787391633846941,-0.159565426391814,0.997579144771496,2.01622301079074,0.348216759434879
39059977100,51.6259423595328,0.675974824840557,-0.483540594559483,-0.021355832610306,-2.49677170096741,-0.263377434937111,-1.56856346024411,-0.984186438804707
39059977200,63.5490751042474,0.679847742891493,-1.28926205741188,-0.124531700181343,-1.71215421176378,0.473803563480412,-1.30476157083383,0.362594870022914
39059977300,64.7679214081357,0.681233905643051,-0.54981176547087,-1.64691653743301,0.831350751002181,-1.37587836350846,0.498913604424342,-0.746851268354496
39059977400,83.0402464493316,0.689849805591328,-0.439244854355194,-0.232218191268261,0.453640489162548,-0.528757600427284,1.1142288572994,0.311640580966746
39059977500,82.4619084506567,0.692823085166873,-0.533306515523496,-0.492533166834634,0.178745434147082,-0.0395107606726196,1.16365375390408,-0.0146932288558098
39059977600,72.1722305780067,0.683193202093541,-0.383293649363677,-1.1338052024906,0.898691762387623,-0.493590080280279,0.940261301594157,-1.03168328145065
39059977700,74.6304972387555,0.667989742870842,-0.002642133243852,0.235441579276074,-1.33122963952652,0.830865804352405,-0.73088985469811,-0.136472045719084
39059977800,76.2434131505684,0.639409599104566,-0.419083736324629,-0.0893255420534171,-0.829171071793874,0.382129889468053,0.0818509800546666,-0.224538617192476
39059977900,76.1829830572873,0.619522823438344,-0.614942001577393,-0.967288411732526,0.721010904319217,-0.578731772248177,0.832412176204003,-0.113792629501524
39059978000,59.1184004915719,0.676384305069513,-1.23595631094735,-0.248119698117131,-1.30890751319675,0.770386867421699,-0.120250451639336,-1.94553993611379
39061000200,62.6540745026484,-0.442504088288261,-1.59399946692413,-2.05857216102131,1.23560818960847,0.31101413071108,0.317857787240133,-0.528913483597606
39061000700,58.8429569754146,-5.86990035443582,0.358469767053131,-2.62073815091571,4.06267140412729,0.825847070147158,-0.601909485165629,0.867133265901226
39061000900,47.0131064692834,-2.30256964658664,-0.180219298682733,-1.46267998659731,3.57164403128212,1.44130724863876,-7.50710548991114,-0.887486794124691
39061001000,45.7678155496263,-4.87137118051282,0.458797215266012,-1.3153217528429,3.7802276453158,-0.710057094407992,-1.73803775679957,-0.755669406976933
39061001100,59.3680799731808,-2.52017409699959,0.226595011125887,-2.15878826392097,3.67706298323313,1.46925971176065,-1.52968482492437,0.460529379508196
39061001600,34.8656043694984,-4.30409256743478,-1.44540730437055,-1.98910076435808,3.90450442644257,-0.721350379252409,-2.74871649159681,-0.234857640111065
39061001700,28.5060813286638,-3.9865240958658,-0.944929819989241,-2.79134590855277,2.85161793096939,1.57394049015366,-2.40685781350021,-3.56763163115252
39061001800,84.7161696865403,-0.404450127082078,0.424977743931114,0.0407839433003984,0.0832218015088836,1.61196297479293,1.28373507430131,-0.170287234147991
39061001900,77.7119624533293,-1.25419597072082,0.2743889209383,-0.401392713834818,0.272210149055454,0.250064271856696,1.23501229612333,-0.152246353141234
39061002000,75.336274460526,-0.229754694857029,0.727578678788566,0.316160826600347,0.0984581404480263,0.941901613365355,-0.801765814038982,-0.759852344665465
39061002200,64.7350372172279,-0.359718735208729,-0.54893055105303,-0.861758164219417,0.120356961935704,2.45442467520016,0.129869668879058,-1.63548890391428
39061002300,48.9852224956737,-1.9149576389104,-0.438775980939893,-3.09653356783759,-0.0258222820906768,0.175001914361185,-0.0318721216110517,-1.17241950800382
39061002500,68.8790272557571,-0.740885402835759,0.0328265903501321,0.282459031582165,0.410015164798281,2.3495818492783,-1.17570212714305,-1.05644327039267
39061002600,70.4736068563943,-0.797816114084576,0.167624600245393,-0.428986620298565,0.837065897819744,1.29840932865657,0.170265340911719,-1.57678089144095
39061002700,75.8180949513811,-0.142415419637097,0.051105340665929,-0.525362418644588,-0.489132318646513,1.47704079829451,0.232703299477073,-0.118444531930783
39061002800,41.2972084968468,-1.14912900104071,-0.683269283133931,-0.580860397142009,3.13764055034701,-2.23149131847968,-0.517646379083058,-2.67388566257383
39061002900,47.9371527606361,0.0229433929751853,0.44770090649252,-0.945047581149065,-0.309213877463966,-0.306396897156025,-1.7266741521314,-3.00743452842581
39061003000,44.2686271895466,0.435629341103008,0.170574429162757,-3.23280581986845,1.0764536325766,0.908242080962608,-5.66624527967534,-2.86464310859598
39061003200,73.0044668726448,-0.775839926686976,0.571446161912043,-1.6814903349713,2.06489863848245,0.961369061133573,-0.661943581320759,0.434851173666975
39061003300,62.7038919402164,-1.68146553591895,0.0558593551598969,-1.01491713262562,1.75311495428252,1.59721898846574,-1.96946027372047,-0.100380507710093
39061003600,49.0101046657537,-1.15317352028119,-0.532627430170398,-2.14811470670018,0.207397412620929,0.0280761483791997,-1.59562830262877,-0.83916134653316
39061003700,24.1326832642037,-3.5353057832522,-0.951051129255348,-2.81374681553762,0.93362900156539,-2.18912752912079,-1.55427713951964,-1.09367288884431
39061003800,49.235936728495,-0.73459252958979,-0.470538871457458,-0.85556006684517,0.344269671402714,0.0627594318221867,-3.97250723261597,-1.24328572732018
39061003900,41.1814155910892,-0.712173131109499,-0.224774041069006,-1.05452271848513,-0.435513348099159,-0.96601577342042,-1.420961879098,-2.05187323416337
39061004000,67.0770968621154,0.0341631556108216,-0.518887328233416,-0.443546089288412,0.414059378125898,0.328565321839335,-1.88113768664631,-0.136852225551402
39061004100,77.3069109255518,-0.191665340307211,0.68992362320917,-0.478854549397591,0.205503053904876,-0.616556018708635,0.896427507552998,-0.017142167914975
39061004200,72.4960123544104,0.217402276105538,0.783060538829783,0.857200338968288,-0.406121065112137,-0.0982346420199168,-2.14218082112302,0.310893002362314
39061004500,80.6591250864741,0.605878593135091,1.04028187349237,0.67744951416573,-0.83627301261905,0.642296977050623,-1.33834459123421,1.80806634869749
39061004602,70.5774744069895,0.197211152097118,1.19530543408642,0.587871629179974,-0.279928197084606,-0.105558133729169,-2.24972282183109,-0.142774164288341
39061004603,91.0005908629761,0.504958676638825,1.29214373590859,0.839433499419364,0.000318863029941706,0.101564973722079,0.424844386462102,0.356605338407187
39061004604,82.4914445190373,0.354811103750439,1.30327381258439,0.24479884503537,-0.662795870468978,-0.189790304420486,0.586193025595791,0.200835419395984
39061004605,88.0174065516566,0.424264488660119,0.939657964684292,0.741824343249105,-0.106922555449135,0.671219126094912,0.197482961551295,-0.163923994529394
39061004701,90.125987852053,0.491574496349974,1.06869875983615,0.591207583640147,-0.523383981654747,0.797834556767597,0.780375295878264,0.300313526448826
39061004702,73.1727212039078,-1.39862802208501,-0.0368225986906944,-0.976141899081341,0.647508938879308,0.135266622080825,0.0846468312600867,0.61750437163085
39061004800,91.3218659086021,0.498992821941703,1.60158015113248,0.715311556464058,-0.728482034000962,0.685823384660511,0.767554902019003,1.81259759687457
39061004900,87.4709832469021,0.492269563746849,2.1541056523153,0.342514897313995,-0.387930322918841,0.677167821858744,0.232604913091623,0.00160270119482036
39061005000,91.2227185415428,0.355045582682957,0.933150584093781,0.34939692211622,0.137589019877601,0.920464100772708,0.819051254215667,0.0686341287051047
39061005100,92.0830971451916,0.427503858710815,1.82960721267915,0.353921464046443,-0.33946153139415,1.01413599493208,0.77983707287673,1.2787747829853
39061005200,86.5841085537318,0.360277246942842,1.131637958147,0.328866415491128,0.583328045371231,0.656307603367629,-0.626021262076241,0.256049836357128
39061005301,86.6987901883849,0.083024034256884,0.965123607505704,0.0597998860627382,1.28569692173387,0.43562530154258,0.431752813715799,-0.350816369255576
39061005302,80.5725072087363,0.481196252899987,1.00530451253493,0.139371819017711,-0.62104571796979,0.541499570667623,-0.120316189192313,-0.355194648195825
39061005400,77.017970531742,-1.7573503466129,0.769955474608059,-0.313394184024005,1.31606629067799,0.153991893152433,-0.208793362632574,0.853094496777545
39061005500,61.2400227968107,-0.368279859022973,0.0425370386830256,-0.427435399847354,0.280018394760243,-1.17789089711389,0.255412270598599,-1.4476591597688
39061005600,73.9367306493826,0.29390113689523,0.822053994715878,-0.053975247492125,0.214723314495589,0.357878039533405,-1.2818572380108,-0.607405742194717
39061005701,70.9117683601359,0.0353207781055135,0.0892563774717782,-0.0661495569213985,0.0398109289694302,-0.0490481346622509,-1.34317934346086,0.0106195695454366
39061005702,81.466986753912,0.247685649255642,-0.00258490443113535,0.305234786967126,0.105792123414029,-0.273452859094679,0.883081201844256,-0.351903120703496
39061005800,72.2866844242565,0.172080314988679,-0.607563759896745,0.0255792611853862,-0.337352259389069,-0.0129785707038595,0.916243860671406,-0.883255662986589
39061005900,76.9323840861918,-0.0647121370197049,0.607479145272854,-0.262924153928959,0.475733283086857,-0.827359205794787,0.586501687029578,-0.210473089543187
39061006000,64.4292702613676,-0.0200954945129486,-0.162101983688728,-0.11159062094948,-0.269336246144416,-0.257971901611489,-0.383954060351546,-1.12536325361564
39061006100,70.1447750325366,-1.12627945632182,-0.883570499691499,-0.177487254639429,0.767729456120061,-0.397890680848386,0.490796393424054,-0.214246850632528
39061006300,74.8679683864928,-0.0761384700839543,-0.891112152779915,0.229227402456928,0.167022799651398,-0.290400879762677,0.368482684112855,-0.179550710515927
39061006400,56.5440933765025,-0.550869596664676,-0.982446702185841,-0.947226163407677,0.313655153421851,-0.78393789097532,-0.639296437318995,-0.608964232598098
39061006500,75.8740222026116,0.00140225810015213,0.713805156467847,-0.450340701696026,-0.393930110049569,0.164228601077986,0.574584820330742,-0.560982948224748
39061006600,53.3336012831775,-1.03284692175792,-0.426227503820133,-0.613258615479288,-0.439661447737969,-0.079454110914282,0.2621489272888,-2.7958776643898
39061006800,55.7418091417068,-0.868764955915959,-0.611688718083285,-1.03850442300155,-0.432492620846074,0.426133186543271,-0.47982598582856,-1.26488008030588
39061006900,53.1368884193454,-1.06118238142409,-1.09164543269773,-1.08596040609271,-0.440278685650078,-0.336986999609137,0.557527422095003,-1.3199094800286
39061007000,84.0271246233017,-0.325998119358104,0.449826918794183,-0.221457614254429,-0.211786497171925,0.689309981143889,1.19976536211013,0.61705293944546
39061007100,88.6516415227281,0.325494901063381,0.839322647560768,0.602988976387525,-0.726042316438582,0.67142267188376,0.864200319184046,0.887044264731867
39061007200,77.3698433683748,-0.24163702272732,0.408003048184915,-0.708462782265941,0.190717817012417,1.2225653956669,0.0885381607669795,-0.416473436333963
39061007300,71.4762958785373,-0.831626901836323,-0.53229277660312,-0.42472653685052,1.03985651755377,-0.0134873797417245,0.673793822107705,-0.789732781232698
39061007400,55.1990606697341,-1.01175185037172,0.0089069159064598,0.198780556830766,1.72738255491737,-1.66216421237873,-1.82873679897445,-0.683280159831342
39061007500,74.5800286025298,0.307211228539834,-0.484216188373082,-0.571013886117977,-0.0800637263099983,0.143908988010035,0.824372811103224,-0.618579733128423
39061007700,34.8958717357619,-1.41910978374087,-1.7548379507862,-2.98013287858341,0.37048131119647,-1.15143513778548,-0.500664170280143,-1.37425686053832
39061007800,74.9916242362135,-0.877804546019612,-0.463270786348903,-0.395077640134766,1.592621763923,-0.0738182755322617,0.447045401163799,-0.137662332386453
39061007900,55.2351885276641,-0.366293142394692,-0.552369037413371,-0.133423865672302,-0.0433773584217543,-1.11464688365684,-1.31343846223106,-0.732780501413997
39061008000,25.0509927585064,-0.944956044022015,-1.11423194278114,-2.83766682541037,0.441110718762825,-1.70426737098384,-2.66293159572544,-1.93144546790459
39061008100,64.7869046258542,-0.00985108755848457,-0.912911102655436,-0.144492228539544,0.0772939196883484,-0.866510887988069,0.554803112679444,-0.943705617336534
39061008201,73.6286262456064,-0.110746424165826,-0.800789127715253,0.223163893377048,-0.458125888512362,-0.0385014682941916,0.495717226596932,-0.196860318957526
39061008202,58.3239281461192,-0.833323432791461,-1.2148028366095,-0.68619622078238,0.794887528399667,-0.530283580547196,-1.0946117563344,-0.183855153590543
39061008300,55.7538621619018,-0.436855251754317,-1.01248345434599,-0.671961023467904,0.0854445455960261,-0.382009111436087,-0.0890681315968999,-1.70598482177075
39061008400,50.5035379564658,-0.0723648409705842,-0.773099507789154,-1.21252872001438,-0.438461809181409,-0.955839129831078,-1.43876237961418,-0.360858717450427
39061008501,47.414345824827,-1.10198232033429,-1.37233139417645,-1.91795100460357,-0.111298738696883,-1.02615314558363,-0.420130529190927,-0.359742140183042
39061008502,35.7755526805944,-1.44620790015946,-1.87934836032426,-4.88697352400235,0.0485372872543052,-1.19545428729809,-0.445259572882282,-0.598142864029379
39061008601,45.4989142566033,-0.887409847992292,-1.69054059676015,-2.57985183847531,-0.267452044015154,-1.28240235641152,0.429777727879722,-0.500962049669723
39061008800,41.4693341848029,-0.502368101804493,-0.975434614245765,-2.13573243897571,-0.347384552653379,-1.42616769403301,-0.695054273375453,-0.925886147571897
39061009200,43.4567372334572,-0.665827141648004,-1.00194796967536,-1.25259489466807,-0.346586919412907,-1.17748688169744,-1.13665288953387,-1.00534329892998
39061009300,48.8395512027399,-1.34882083043847,-0.963228556029765,-1.51758360592611,0.293940026525803,-0.52634742632641,-0.122478964397081,-1.63577981706428
39061009400,50.1674509199844,-2.68378647851348,-1.26849802464714,-2.6596690836983,0.700657568040185,-0.869112312031871,0.645794271927858,-0.0646529799967546
39061009500,49.5526438641257,-2.22648458704557,-0.92629920780435,-0.881590988586175,0.805833855425294,-0.84358649314424,-0.360296624936397,-1.11851909122653
39061009600,59.4719524261536,-0.746064017673059,-0.62705340936354,-0.44164256058849,-0.217439923697532,-0.744228399381526,0.562189858182739,-1.15696273976946
39061009700,53.5119284557049,-1.00757613862475,-0.968306828515953,-1.41784234601264,0.508499864583817,-0.77501190579437,0.0200987012431421,-1.11858802705008
39061009800,43.5729918320779,-0.92887804362042,-1.14198360499283,-1.57661307512755,-0.13535433457231,-1.4038948136001,0.0787971488008108,-1.50474597495031
39061009901,68.5818493430183,-0.0396155421139345,-0.487824965646028,-0.339962026291145,0.0993877065261809,0.351442535971968,-0.651714750666076,-0.698655905739329
39061009902,67.373524946718,-0.341928367787497,-0.583212092616196,-0.232741322525307,0.0597036911566892,0.182541546874206,-0.443955904715998,-0.754713260419717
39061010002,37.8019240866644,-0.872592928576704,-0.738865754799007,-2.03410140174879,-0.237957261296617,-1.67127628947708,-0.507625901108886,-1.54470432667089
39061010003,57.8445611145111,-0.0591736209889557,0.170921853696719,-0.668337156025769,-0.290653583354969,-1.24400094607604,0.0797379921771085,-1.35974689646221
39061010004,64.0086336114549,-0.673351356456076,-1.11477632584867,-0.823200289022771,0.708422514842023,-0.678995751504206,0.509556375429562,-0.551175894390029
39061010005,63.031306361764,-1.08654404168369,-0.922589919984516,-0.912895567043013,0.281236340980031,-0.266604338649518,-0.578617730956255,0.393860717710977
39061010100,69.4245326400773,-0.168467882013363,-0.274104051094635,-0.902740498737929,0.309859842081654,-0.123985194900902,0.0181345640487856,-0.610662848948968
39061010201,71.479902547877,-0.697511200101737,-0.33198570401697,-0.852084530474201,0.702983562011571,0.494892971823171,0.400712731754012,-0.825907192382812
39061010202,77.5357913476364,-0.275230965814408,0.23368286083951,-0.180246909603087,-0.276153813474599,0.287780307129857,0.131963970084522,0.022307880218188
39061010300,61.010791101594,-0.587353722702078,-1.09660822408223,-1.80268080811907,0.608911216832298,-0.700483063416712,0.238668029795099,-0.140774856784598
39061010400,70.9169384937274,-0.0677960642648245,0.0893259888480731,-0.395912602074529,0.375979031822718,0.179530175068662,-0.92922788717918,-0.494316225567494
39061010500,63.4652632556624,-0.335499919217285,0.216126443540535,-0.229055282836701,0.213778047698964,-0.80273236159656,-1.25425486959006,-0.434090442622662
39061010600,79.9121187155289,0.123495471463979,0.237880266426426,0.398607868652741,0.456948861713778,-0.504372148656286,-0.287180867138996,0.242630722821909
39061010700,66.2639207135641,-0.46893198620237,-0.57483018732802,-0.848579285529357,1.26763725724789,0.34186726078961,-0.361292891348256,-0.999309136984184
39061010800,70.2098699182937,0.126601127403612,0.321500924364531,-0.981643707244044,0.256084146477006,-1.48685031225852,0.872886305409151,-0.0326184841255078
39061010900,64.1792377736433,-0.550608726310871,-0.337053052154749,-1.52463947745752,1.47955729035929,-0.24228228430936,0.14730565360711,-0.934370065585106
39061011000,52.4444806434823,-0.77594601947351,-1.15215800151708,-1.16119010027777,0.576816350082156,-0.847984942662585,-1.58653836493914,-0.078967765419838
39061011100,77.7243235596766,0.213440103431069,0.1296509328284,0.835503227117052,-0.480784059206965,-0.341199297376286,-0.262022896524942,0.265184327799115
39061020401,68.3485182812137,0.294892056002252,0.164228437558228,-0.130548777238122,-0.0843446336001694,-0.401462802709735,-1.7595501724905,0.18958703052709
39061020403,86.5665720726704,0.690121188891463,0.625496219557919,0.591656287627231,-0.663156114367154,0.0880309764173914,0.0173605382110048,1.01741296577862
39061020404,84.1724039494946,0.690865489981556,0.60313163755793,0.27044068484751,-0.451038642369928,0.340298810990351,-0.501069078643954,0.589550067133454
39061020501,86.3381990150803,0.655941063013807,0.339358111488956,0.581038948195808,-0.862015069927193,0.0383621223998631,0.601225130775123,0.930993733853543
39061020502,91.7141238511948,0.628064735315742,0.78770965177754,0.779462003419998,-0.658050209664691,7.00159370822076,0.407192373864314,1.77886039358905
39061020504,76.9038615412741,0.180167303226997,0.49557233611359,0.426586770889565,-0.755784365242962,-0.6801728565741,-0.0255408131726931,1.24194314591174
39061020505,79.7665466827226,0.392649252683649,0.285995147114248,0.0376397058284707,-0.557963811330651,-0.0774910255266531,-0.0365190473610521,0.690203286983067
39061020601,84.7800825405828,0.649623432966722,0.300238686254498,0.293110036598,-0.556944257543598,-0.330141653875017,0.61068838486993,1.08768934729642
39061020602,87.1715010645731,0.557554479403826,0.328930654668836,0.136906661721953,-0.182790762850681,0.441242569088576,0.177401070308273,0.631621326637044
39061020701,78.4584362376172,-0.255811206826037,0.258467717511066,-0.235681314197564,0.228609837801251,0.302847674028769,-0.431398609602268,0.409546013389504
39061020705,69.2735908128969,0.233776931592499,-0.67111459497643,-0.328286157268584,-0.0561278639955267,-0.384959143037624,-0.836168911412501,0.738729365302308
39061020707,87.284790073388,0.644176604707987,0.525891969751236,0.43673720546299,-0.508497574747562,0.542459922517205,-0.0356633851600102,0.610495526876864
39061020741,77.5982913187787,0.0242204154459691,0.144370440214018,-0.430139971777933,0.278918992354809,-0.0489819074446296,-0.137888242142909,0.157543908895563
39061020742,78.5158263523816,0.310201066369368,-0.061907550592833,0.0393916059484477,-0.807571364411649,0.0686712734847929,0.377719992862304,0.390581872916681
39061020761,81.9465191495751,0.385394100717873,-0.437290925071694,0.315020021151771,-0.100733117461341,-0.00433761086895181,0.386651719394188,0.227144755074158
39061020762,73.7775123206149,0.333974959107401,-1.19733455410792,-0.0824898614555209,0.182809374523118,-0.289452264137003,0.409325508042435,-0.235218388395906
39061020802,88.9387653392677,0.647240805032145,0.22709869363638,0.39529668425199,-0.4330043037399,0.410150286830686,0.458634928326,0.916948372456937
39061020811,84.4728223474467,0.534115477807114,-0.170641786423387,0.560767837558997,0.242558225743127,0.10674709643722,0.209759879460385,-0.325833543823635
39061020812,84.8736579233126,0.597555797911099,0.334803147454059,0.413159928148971,-0.221886916551342,-0.112790456325247,-0.0971779130597196,0.732891447934299
39061020901,81.529615142303,0.255521174991159,-0.403541645673523,-0.17643166783811,1.05864065242537,0.265980330175299,0.0886366471269823,0.0234380615761991
39061020902,67.6630767914867,-0.0475083498356066,-0.679611290417611,-0.665932881245894,0.842182313408538,-0.505545544030574,-0.563571640765218,-0.0727852291558295
39061021001,81.1372709026305,0.580540721506471,0.0443929527392397,0.0166598253829179,-0.188722299205352,0.355409040007946,-0.0176925337189775,-0.28699754262773
39061021002,86.0550439820168,0.598503114221814,0.41474739964299,0.603033462622156,-1.14861804725933,0.487535251660626,0.555767655737546,0.616640846106757
39061021003,80.7114408347404,0.574024577805802,0.350288321377751,0.335366180677692,-0.531751930963133,0.371592673320774,-0.730091834967699,0.482651748663562
39061021101,89.5019840125726,0.654448911684265,1.09083411995124,0.360407064581717,-0.494649234871872,0.268228784073412,0.470948594024221,0.735732968489039
39061021102,83.3679498416395,0.646703373667316,0.836080137142281,0.394004598054682,-0.607048417008192,0.205384701496042,-0.278267538781213,0.209338178783638
39061021201,87.4961928488662,0.615599915576334,1.25224985668614,0.742942529337197,-1.20956957263936,0.697850858389225,0.157347611828018,1.4035164190281
39061021202,83.2651109326964,0.571901024445125,-0.406152926090007,0.59845112733049,-0.297924820309979,0.480302944902907,-0.406726558160228,1.18116054073254
39061021302,87.2437884879491,0.393189463750978,0.921843807172724,0.275200045563502,-0.438924946477256,0.412547908152263,0.340957747411328,0.792986352983215
39061021303,84.1960348972221,0.197571513746954,0.772291803784499,0.566127608329171,-0.203460234922288,-0.00432385613419965,-0.157643182321844,0.860033851667994
39061021304,85.0698464927887,0.137530712848197,0.834842044322601,0.406393800018239,0.541289442745316,0.0510812062248326,-0.308478223285141,0.286245314917411
39061021401,78.3320807457327,-0.625525386254361,-0.109693985348981,-0.22286480503235,0.256831436377392,0.272823902013229,0.302052693101951,0.0316243256195236
39061021421,90.2860961588984,0.375832629346239,0.67570429180355,0.464690846888433,0.321807382425592,0.279326268086459,0.0659691940089557,1.19895583146935
39061021422,79.6045101389405,0.339759904125615,0.0147639597877953,0.162993697936121,0.161571122656012,-0.641846368715247,0.104751116802898,0.358145270478291
39061021501,87.3092376590764,0.487549559834901,0.299062814249558,0.415756345235456,-0.675514088856961,0.525670250241351,0.694264585796297,0.759530644167867
39061021504,79.8282069364063,0.152210330228093,-0.586989427297358,0.285921536336193,-0.274136867117969,-0.290996090567703,1.40349608480117,0.507626660959124
39061021505,73.8574811842332,0.225996986577964,-0.49528876367258,0.21670573706889,-0.364014242328644,0.192570374580039,-1.00667001803386,0.996401051347275
39061021506,76.7268234469188,-0.134450929761659,-0.0812599561186512,-0.323618172845485,0.300642299974442,-0.635497615364865,0.450786283251064,0.478690703991055
39061021508,81.3328127978039,0.435522913879731,0.28913073220192,0.249315483276142,-1.1018840243786,-0.0263164891259877,0.649529946769139,0.767066882800229
39061021509,66.1613052784877,0.160972719528691,0.278486588696087,-0.904030217272275,-0.246699392472091,-0.733844706206395,-0.365707142037299,-0.305757543452907
39061021571,68.6577650957308,0.186847129479097,0.253909860213735,-0.509581877848855,-0.887310981008132,-0.822828453185517,-0.12540319435374,0.706089119041915
39061021572,74.8530453211586,-0.0549268911148008,0.136590487510571,-0.398895661105576,-0.233896295287083,-0.122555610552585,-0.026736577376116,0.143811682470302
39061021602,56.4375463923119,-0.132485079078031,-0.625572278410938,-0.735336280350794,-0.409033214865684,-1.36728284216527,-1.12100045939397,0.73395530107002
39061021603,72.4426379735722,0.365114164366398,-0.323422666599674,-0.0245702062859397,-0.603830222437835,-0.302692023450251,-0.557368014112645,0.958837186190317
39061021604,65.90641519083,0.368419808631778,-0.579700691408933,-0.484697602365711,-0.505409705544757,-1.20345029156246,-0.152332285578013,0.575747084180766
39061021701,72.1133487031231,-0.329391664747586,-0.623786429549384,0.639634399808273,0.054985947843874,-0.335047534494006,-0.626162526119106,0.125934486154961
39061021702,58.3889420983497,-0.735280359339313,-0.882684017982417,-0.0733746603916266,0.237161471737426,-0.43446218879599,-0.671997873545046,-1.12357962223716
39061021801,65.8833612202901,0.125298343609755,-0.74305706313857,-0.213845421136097,0.392730574295072,-0.107071788086261,-0.712515431695856,-0.888815404102191
39061021802,67.6470092111067,0.0745528763501157,-1.15168084762012,0.394443357857327,-0.324640707081305,-0.602562848022899,-0.423398788721677,0.106627605704365
39061021900,55.2106008662453,0.340332898475905,-1.42973075401547,-0.952372140239181,-0.493251464139645,0.249064215001295,-2.59414846367949,0.127875567267573
39061022000,80.6928101117347,0.434764549482225,-0.867682206954101,0.183080563068025,0.317321499729766,0.0365819243016896,0.470791239791214,-0.124120300261698
39061022101,76.5057539778359,0.387180320094928,-0.860390309328112,0.625428793975977,-0.506006094459905,0.265249514861438,0.944985056359645,-0.72915344248594
39061022102,83.9891289895316,-0.00212013873861002,0.128891367626133,0.356331416051616,0.0410139464938183,0.0844016780805953,1.06065905573254,-0.122796672629326
39061022200,85.9545334149599,0.222585187727956,0.455674954449098,0.715997598430303,-0.303891519800403,-0.0707375176364139,0.892670141090212,0.279577863181657
39061022301,61.6903694376326,-0.196662351145842,-0.297356021077619,-1.06364478835452,0.556169271053649,0.0660812741771743,-0.338814053077635,-1.60081713352767
39061022302,80.2927482049048,0.633042230073967,0.473601399979978,0.0359359975509018,-0.592276372305984,0.328680047871572,-0.540703387330028,0.360051396886747
39061022400,88.3999289213436,0.653995242182973,0.875556891871309,0.185713672903639,-0.159254368892634,0.243266106833771,-0.0855690708139499,1.52799385026172
39061022500,87.3797477900414,0.0482726346817488,0.843217143698108,-0.0116633006098135,0.296862894933929,0.348976735794996,0.302732365813377,0.803251246596252
39061022601,90.7460827064673,0.504690701927674,2.03734173830087,0.866601057800195,-0.872467759278119,0.816572861048721,0.619654082754797,1.47452864795575
39061022602,92.2176012571315,0.17928997871042,1.93530011590905,0.581421972351365,0.00361606639754874,0.280252007842501,0.907211765401514,1.31226295533224
39061022700,46.9926551837904,0.461350786230232,-0.333449813373811,-2.17661225110507,0.124941086207473,-0.530708349493187,-1.45850080114061,-1.95703831946908
39061023001,80.7811556955668,0.676848745615058,0.0886059085692654,-0.426720997583668,0.266139504203913,0.0085796337028572,-0.0643342387530193,-0.220125347415028
39061023002,86.6877137623984,0.692823085166873,0.779842582301676,0.393846965081466,-0.976918745204617,0.356268702130867,0.555762848389773,0.229169385818752
39061023100,86.1022868595005,0.69193149013751,0.966281832381459,0.0491340138454403,-0.277887261149914,0.494678439492734,-0.53568979776722,2.21453353977471
39061023201,84.723641794837,0.507751931096414,0.0123598440482494,-0.691538785961053,1.33620922551953,0.277418338903615,0.498395199235555,0.110041250837115
39061023210,84.3010563847988,0.619131673008734,0.485983887240473,0.374318730653603,-1.0406262901542,0.197254769829056,0.734877362567446,0.175520459034342
39061023222,71.5964978377966,0.675027603044574,0.213759258803675,0.516071406115298,-0.0997434057558488,-0.194178047208248,-2.18519736032985,-0.375198139586547
39061023300,89.8431255606599,0.690904306454903,0.794266745239964,0.80283117779614,-1.05381075142658,0.616133389687737,0.525720255385803,1.57236081260461
39061023400,74.6566361036049,0.681934509422105,-0.999923544546743,0.153475675610436,-0.100245327916072,-0.0386047907080566,-0.532564410441424,-0.0714685230085517
39061023501,86.2712613220583,-0.00531073918765593,1.65076876879939,-0.874958952832042,0.0149165726755353,0.943411396123616,1.08596851064515,1.65826539156369
39061023521,83.765872902583,-0.536564596906675,1.32315932249667,-0.514359806208278,0.904790046977294,0.693191500065914,0.0767044700395154,0.50535004238861
39061023522,91.8933498020352,-0.0154751248808563,1.3136152333467,0.019273900930256,0.785200906824707,0.690621221274881,0.750462929726549,1.24847018464306
39061023600,85.7024286957816,0.692823085166873,0.565652738459447,0.491280363172809,-0.685985785722057,0.583387640839919,-0.254483401330893,0.378573144457062
39061023701,89.6400294448143,0.692823085166873,0.31982970348065,0.27680901632774,0.867239015437602,0.376792908079168,-0.27106608611376,0.235293832194236
39061023702,91.9218721122475,0.692823085166873,0.205927040670359,0.555644132256764,0.125707460168226,0.392414811117762,1.13749801725988,-0.118971076682653
39061023800,82.7748012052177,0.691585714049567,-0.408058760166459,0.358154964235721,0.494528871456525,-0.353261043553733,0.521980535859764,-0.453265260816493
39061023901,89.9374395131067,0.455378096179232,2.02132396014488,-0.0736328200293578,-0.105577892468213,1.05558800692816,0.447981014442786,0.676350731503006
39061023902,93.8214991014325,0.345811614551103,2.08573106871174,0.242336237927864,0.314008925885851,0.655142150050395,0.646699121608794,1.45622114724812
39061024001,89.772628161453,0.688924571799507,0.86428692057369,-0.526549189471419,0.896377549969434,1.06781368539915,-0.163072737433983,1.10341592899116
39061024002,83.498185258058,0.679232768247794,1.86373869027321,-0.496586082356429,0.0973279577233624,0.670582957293901,-1.03016869100302,3.37404481733466
39061024100,94.0419344846511,0.683558004724047,1.91602578894723,0.555538455279581,0.0604895384698954,0.719952420573911,0.0364978127524717,0.991594322844268
39061024200,77.9536650261374,0.590097406555145,0.808008887315365,0.271539387221847,-1.09480636400704,-0.450162108070642,-0.327649609143965,4.12264969653736
39061024301,88.98362804305,0.692173564176944,1.96006263872061,-1.29285182030351,0.171319759772544,0.508234337728075,0.941263192288706,1.11871686745614
39061024303,83.6425454885721,0.350665028430553,0.782694476398012,0.024721206352547,-0.0338636940718666,0.161710935555234,0.36021367460827,-0.214220445407784
39061024321,80.676142826741,0.645775561319734,1.76848121225977,0.397696237481434,-0.509634841275976,0.252313209704662,-1.39620858262166,1.15711334832645
39061024322,90.5777481119598,0.645923670751497,2.03074715780605,0.29614085698728,-0.5041263604415,0.072046461192204,0.852793685468424,1.92597509786794
39061024400,91.4957159628988,0.673013079697483,2.45137557056445,0.00334214826325986,-0.216409369128489,0.589042128529212,0.459749995926957,1.10968759543488
39061024700,87.2841595605877,-0.739207021132596,0.641413439468387,0.336001917985199,0.798128404701637,0.275991906388709,0.36388193232409,1.10715049777338
39061024800,96.8486949934662,0.692823085166873,2.06374581753875,0.252712628478867,1.04181989250784,0.511439036061375,0.246395711374186,1.89405969851325
39061024901,88.1670365559739,0.688317924146032,0.794461664997934,-0.120044402019994,-0.507240283782644,0.469573764326734,0.93358221025136,0.402179216646715
39061024902,89.1105919958754,0.692823085166873,2.00436556370095,0.500260397371605,-0.516075322357664,0.0672570857810953,0.101360716932993,0.980526314139968
39061025001,88.1954247326585,0.691614848821533,1.78995575150747,0.000841954721477904,-0.472334183597715,0.721966565310836,0.0134358943267601,0.744788577483743
39061025002,93.7137171259142,0.692823085166873,1.46260935495594,0.490907954757005,-0.390821914550976,0.453239900660581,0.638101689985991,1.7419911199366
39061025101,90.4310587858868,0.684924539916285,1.883169294291,0.702653281227968,-0.488521539046376,0.175880971434427,0.133983201826625,1.53810102515019
39061025102,90.8859797930331,0.690142349285858,1.56484203215411,0.152648334962505,0.0972884095840533,0.2932554975577,0.0305235134415516,0.752691165022585
39061025103,93.3814703242878,0.692823085166873,1.75309945032231,-0.0522017284568861,0.101611456649052,0.678851576670246,0.371493197821264,1.13060458434793
39061025104,88.8156572649967,0.682422349634154,1.77428960217872,0.0898910639416876,-0.527761844544755,4.70103165700775,-0.110448995058648,1.60226564901271
39061025200,77.8716442588737,-0.5806172918194,0.0516175775844762,0.0869482861758511,0.467934161688721,0.185871868030632,-0.118817307858151,-0.237769094162813
39061025300,84.4120683859063,-0.235283215349018,-0.0598157518349334,0.438542141233311,0.244817095261067,-0.00846238058564376,0.652813756627447,0.404479717151148
39061025401,76.0386477864838,-1.1044318368293,-0.279900036644911,0.0968311300642424,2.21487317416572,0.588269809675893,0.460041718815113,-0.822855927544004
39061025402,73.4520748612756,-0.330786726424668,0.370771448750976,-0.0666699296358516,0.652147717135557,0.591495022203539,-1.54968231193723,-0.157494639471982
39061025500,64.6703017497642,-0.913508618951996,-0.767663041781838,0.0257454607936823,0.284191188202125,-0.402240724822451,0.113700376014897,-1.02975948196947
39061025600,73.4851851944533,-0.148321078143831,-0.181621134074935,0.453315893191851,0.641595349327223,0.348004975047589,-1.21657868819952,-0.515959815846222
39061025700,60.7385948684147,-0.0921540531989611,-0.988256182359115,-1.31908102649933,1.42375391443419,-0.716615442040485,0.0357786300978475,-0.835035222032306
39061025800,81.7587310157124,0.648565101833051,-0.0707849846519146,0.00944399109794313,1.80361122492052,0.531870974770288,-0.346240379934525,-0.676087409933695
39061026001,79.3188616726373,0.692823085166873,1.12949076901775,0.482960335257363,-0.443330197596462,1.00400370050733,-2.19517018186299,0.455021095860367
39061026002,73.4297516509972,0.671985611258952,0.206175365173975,0.7174488552903,-0.49277549114012,1.4675805095974,-1.02078962690719,-1.18576302920605
39061026101,82.070272783949,0.692823085166873,0.648177775288371,0.0852229142126662,-0.26498195073487,0.173194725939714,-0.403292780760145,-0.147758338149908
39061026102,84.7371392055897,0.683017816679539,0.0968548287224496,0.23147107908859,-0.692887584487144,0.997590270338679,0.0550320950643799,0.389196957621495
39061026200,77.100823792163,0.689948218450033,-0.539446547182123,0.0270608861210145,-0.49147087275527,-0.140839871321111,-0.327774494498694,0.58273780419899
39061026300,25.666823733774,-4.74754526007436,-1.66864986927494,-6.35691594565431,3.12099672586976,-2.56693479609998,0.811197413320409,-1.32674123673967
39061026400,62.5740956208651,-1.27059948349419,-0.878374557418051,-0.777234037745225,2.49636473546923,-1.35245220065718,0.115630956036559,0.417286821251245
39061026500,56.506570343585,-1.5980864122123,0.748168333549775,-4.05763717554396,3.92656910604233,0.520799407591772,-2.48646717271187,1.5854836151147
39061026600,71.6141570963366,-0.43025080100089,0.425744038728247,-0.0460122752048705,0.836608518984927,-0.5693272926482,-1.5332784787726,1.69055470969733
39061026700,45.407269872914,-2.3102027629652,-0.805363540524619,-1.98365440427904,1.67786233795634,0.287754119283408,-13.4154544877238,0.0655818280524023
39061026800,84.777595316203,-0.223714166251358,1.09071808963393,-0.469151492919991,1.01313062947508,1.27141688477873,-0.30667100043576,2.4259145342543
39061026900,18.1413862739208,-2.61267946749003,-1.27198151398068,-3.42358906038771,2.54733587684152,-1.00958000303124,-3.40052941726676,-2.99563106174555
39061027000,27.3834223378676,-1.76973471371611,-0.842255547539155,-2.67635218278087,0.980818034722901,-0.550756737705107,-5.34148947109743,-2.41582338435803
39061027100,39.8139438884164,-0.678941748957354,-1.24758835434588,-0.986444890358593,0.147751870335087,-0.511519352392271,-4.88278835675437,-1.30671306246591
39061027200,30.9940964541647,-1.56254504760257,-1.36932976046167,-1.77532750270453,0.732010826804773,-0.809957731153103,-2.82346848719443,-1.96643884043891
39061027300,95.17638476421,0.667155612798461,2.28530093857479,0.234040107049933,0.442132577683917,0.655362968449478,0.162187582726314,3.06285571874423
39061027400,58.3601638658836,-0.511091451673916,-0.428355554897398,-0.410987987406651,0.776702496552649,-0.542728314079989,-1.41421460225389,-0.891467535320324
39063000100,87.727070518198,0.550376100058336,0.457116821254743,0.0438278280234176,0.134225796508815,0.686526039372338,0.829335193700175,-0.403686910001758
39063000200,78.8501595516618,0.570097857849607,1.04496294724588,0.432663051573945,-0.296344830262873,1.56253169967778,-1.67850920910576,-0.083676862441116
39063000300,89.8884243196797,0.602601258455364,0.913189819376214,0.387042680555411,-0.393158025742538,1.4283793606898,0.748163532154574,-0.0518558225203925
39063000400,82.6063752263333,-0.143492606459778,0.795282924967226,0.11810420122774,-0.422988743474199,0.287487184862808,1.29680124845717,-0.107600347352907
39063000500,71.0443643495172,-0.630119410510806,0.279296713080193,-0.867968907496785,-0.127313209092599,-0.198966987944398,1.37926329869205,-0.624550072076233
39063000600,76.5896385454518,-0.482722467147659,0.487183081148397,-0.350439076095789,0.763142600242585,-0.13334537109154,0.654630120007355,-0.740228057514905
39063000700,89.7388340235188,0.25944210652589,1.09337274036775,-0.0113084249534832,0.349562536910186,0.336217980400744,1.12874875571221,0.249476061542303
39063000800,76.1710698374292,-0.849620844296204,0.647667667091407,-0.291779707914977,0.512735121909281,-0.769766484198178,1.71584785354169,-0.100905723568944
39063000900,66.9815980546492,-0.998367878499968,0.431370293484083,-0.748482146070452,0.625617454891348,-0.276635881753984,0.789939381450437,-1.42396866874675
39063001000,82.7363951350011,0.034345830776452,1.23399772629268,0.130867597255459,0.064102960737377,-0.151808747860298,1.15410212230475,-0.437202266441255
39063001100,85.3977064597106,0.145413786764213,0.839197716679656,-0.0292120431002566,-0.189207335274572,1.12623265194133,0.881972652584131,-0.159148442820176
39063001200,71.7010440767826,0.577898710007525,-0.145182373042665,0.334714222726475,-2.57487318739981,0.88377910042504,0.0693692799848028,-0.162481039530465
39063001300,80.221437991986,0.573463176050896,0.471838247487986,0.203634296897256,-2.05991457344342,0.753204755809902,0.7367275459103,0.0663998319647025
39065000100,68.3145907931008,0.417751204635954,-0.270948532069316,-0.121829313388436,-1.77454943340706,-0.165812486251021,-0.116295678281345,-0.0552199894731593
39065000200,68.6226210986782,0.0663330985486898,-0.0184278262344975,-0.459008796730093,0.252235742694742,-0.165068039389643,1.01523975097915,-1.89395619138499
39065000300,69.5479152761845,0.455775249506042,-0.033749686873311,0.240457697973325,-2.12749029296437,0.420632607226192,0.17956449677584,-0.802263850966871
39065000400,79.4720157552855,0.521924732614246,0.348917999787022,-0.047550972010466,0.183082158923922,0.0664678216436254,1.09327827003009,-1.2034058866795
39065000500,63.1586300862298,0.545110228735875,-0.361275228565442,-0.153599730824455,-2.7573124348115,0.392514575180338,-0.369818004236102,-0.308238291634111
39065000600,61.9518285588855,-0.0334904712923257,-0.0563139176094358,-0.85113974168981,0.353107734646022,-0.887438313915237,-0.694938654233545,-0.695569547686367
39065000700,65.0545324789717,0.530502578265668,-0.270294564813215,-0.00140510207192513,-1.52143333290923,0.424119231866652,-1.11044224400895,-0.609303596143757
39067975600,66.8373628428684,0.614751249622882,-0.424972257211354,0.429799141952817,-1.63924489103649,-0.167879036597745,-0.430555284261021,-0.722484164024131
39067975700,60.8125785260045,0.570645913639682,-0.18995457346959,0.0582835003909578,-2.35065041116011,-0.086274039602084,-1.0152893640786,-0.51870161121014
39067975800,62.4028387986926,0.632186527619899,-0.460120826257861,0.255666757251427,-2.54827861322812,-0.211329242343571,-0.830308131777884,0.0226356410423154
39067975900,73.2219848457355,0.624309106411885,-0.556380322957598,0.761617340941941,-1.01954016838555,0.461846776347244,-1.21748391492734,0.281667882689427
39067976000,84.3885907549751,0.461221856018676,-0.181722933847571,0.553975534268497,0.508071726396158,-0.362424642833416,0.4840884551382,-0.0664993082267169
39069000100,83.5515565934984,0.513005951725571,0.150842373910552,0.354553113476226,-0.168229821623937,0.302526831114097,-0.329015178696821,0.358515126297317
39069000200,91.3354374223772,0.607426311856613,0.422504373873567,0.536686204985703,-0.500129529209671,1.05950545956678,1.40683744001197,0.507559411344242
39069000300,81.5183120235667,-0.487346297473011,0.20185224781128,0.255688364113132,0.0505924082927715,0.0893338714930873,1.11630570009156,-0.241253413519949
39069000400,65.8409118419697,-0.823228606305742,-0.37871770747261,-0.744240027587993,0.508578289442939,-0.364742412429126,0.719013194894324,-1.06994440392772
39069000500,72.0339077221581,0.545626293712663,-0.598190153816702,0.018817785727617,-2.22147765874304,0.627528634847159,0.164232659318479,0.244293555416029
39069000600,61.900132691079,0.541118292402956,-0.622599851246902,-0.152003819228147,-3.43580641462483,0.0692420474619309,-0.0689528174327257,0.00305338465013242
39069000700,83.0209661509003,0.296852152192781,-0.249364942857676,0.229927908691449,-0.15190414719775,0.452002059004134,0.578822753042353,-0.0479821615971892
39071954400,64.7829055700288,0.194584823985028,0.10215558668458,-0.851353504633619,-0.64937166432134,-0.189430342519273,0.0106038951795252,-0.959536320408978
39071954500,65.9209900283111,0.0556182336107516,-0.184254632511893,-0.922870785947584,0.41035036715495,-0.585712560587909,-0.640698868917613,-0.361303019382032
39071954600,69.3656801840708,0.42560522738919,0.00909631897750848,-0.136323898081511,-1.39232580878696,0.0202424855332212,-0.396391014668069,-0.262377276147554
39071954700,67.2362305532068,0.498435824815648,-0.146500158002759,-0.182932114911606,-1.75942110333856,0.221423727072937,-0.500182444326507,-0.393407958627668
39071954800,61.9003518018982,0.203369003778234,-0.235577770552718,-0.950876822462918,0.761137864097853,-0.537656447460254,-0.57413877673675,-1.20916990996753
39071954900,72.2012759912526,0.255594352416452,-0.0784672069570208,-0.0477830374194535,0.522889652888698,-0.468302845150907,-0.826604637316886,-0.263453420540011
39071955000,49.0049667344043,0.140726144454115,-0.534563888128224,-0.676049924022844,-2.39993607963913,-0.629277177358613,-1.31995155582667,-0.170983847095509
39071955100,59.9006625894572,0.51280224582037,-0.699786731664465,-0.172671509106212,-2.38792252148105,0.0586730067722699,-0.962333569080579,-0.037283587159748
39071955200,59.2091594860154,0.475923954575758,-0.277380931780945,-0.0822379558918821,-2.68986512481615,0.00299358884160749,-1.52033984358173,0.696816537147184
39073964900,72.0993170657092,0.437121897149478,-0.0473796472291971,-0.0715427539267821,-0.883529052130161,0.940722987813011,-1.36762005950095,0.600563812036987
39073965000,42.936690228819,0.20799017557382,-0.144923963686475,-0.120077270347713,-2.65055682661175,-0.321025620706594,-2.25551343932467,-1.27439994871618
39073965100,72.6826181107598,0.388334023863429,-0.270486251967089,0.0811660416803362,0.173648096057552,-0.0170199778584724,-1.75007141091437,0.392117553333079
39073965200,66.0854266489154,-0.17792292131481,0.122587187275245,-0.111635005589845,1.00230970042896,0.092950562496239,-1.22993044966242,-1.22399192903848
39073965300,81.2789559699171,0.194394863914679,0.107616380354502,-0.318265029809668,0.303645874318353,0.562399186196468,-0.194267911347472,0.214272493060881
39073965400,64.8101298640624,0.212217914045504,0.0707482594495669,-0.894635358190957,0.657694145200313,-0.514998668510031,0.0962635629262666,-1.64222206559581
39073965500,73.0795450694171,0.418789915480668,-0.60367856362886,-0.261118066182987,0.134408606322926,0.0675774377066427,-0.264230860227498,-0.555923069616277
39075976301,70.7089656403319,0.656345938678903,-0.716137637031661,0.322092659180818,-1.79112965674295,1.61959358107937,-1.24704863528257,0.979105135321518
39075976302,66.7614057029461,0.658249166082297,-0.629067823231756,0.375429915347075,-2.19831168276624,1.58365637828588,-1.83220818965765,0.898439098815964
39075976400,76.0830942557732,0.612776015322797,-0.35963124904887,0.252285829248537,-1.08259128377029,1.07855250273678,-0.80969338188218,0.787043790308385
39075976500,62.2493714098297,0.534652811022029,-0.703724268317205,0.337767641813,-2.82953629746912,-0.0274517598107064,-0.75557708227724,0.430230325580637
39075976600,73.2614104294424,0.419229235706898,-0.30299708557574,-0.0661875996688999,-1.81323006154625,0.369279620036366,0.224421733168679,0.138260589196285
39075976700,81.507641954306,0.248432448927493,0.45222386883713,-0.285732193905098,0.525079652699905,-0.0918935984306597,0.982272302463467,-0.555557515636739
39075976801,57.0318438613318,0.674919375194481,-1.29752130908768,0.310123595996438,-2.55154855521452,1.03292808627985,-2.61339690421065,0.469171622478133
39075976802,60.8371636091607,0.619401244776509,-0.607558615259115,0.253723160806445,-1.19685352160226,-0.406800290926103,-3.12099702330382,0.606243886222173
39077915400,75.3629376908958,0.690326157416544,0.158880835455896,0.480459344458889,-1.97113828246747,0.160659810551449,-0.529909146308327,0.428628547791945
39077915500,85.8168718183798,0.280771220622771,-0.329889589214733,0.0195769118531983,0.164204298701988,0.745598127038946,0.891963015366635,0.251709746028368
39077915600,86.1981753341224,0.17387471958386,0.420244615984516,-0.0574538144716849,0.462182019000752,0.354005991949972,0.698617246448089,-0.0707469140249593
39077915700,73.7370771268627,0.00642701749468044,0.42367073886073,-0.31402259276892,0.28185073574769,-0.439320520901895,-0.212012734607089,-0.393557113821083
39077915800,71.6941736642117,-0.631194173878823,-0.380611984853139,-0.467851992063256,0.299367105947622,-0.454163379064112,1.1823824038848,-0.434338606368216
39077915900,86.3555979905198,0.65030844908538,-0.0218443357931369,0.335309608169367,-0.209212712226489,0.693306850833416,0.0374238856027224,0.245616462394935
39077916000,79.536829891239,0.587348517070354,0.485526868978218,-0.033199401048029,0.522966748031029,-0.153858903745794,0.879383071732111,-1.32626764496207
39077916100,80.6706196943792,0.69134291903237,-0.174031577936797,0.271431273704234,-1.43055301881026,0.87800057198869,0.207160549661276,0.167695400961067
39077916200,65.1800317031563,0.47603739164165,-0.163038251861891,-0.40968484293186,0.186251175843419,-1.2466609438905,-0.100138636584504,-0.968866257487029
39077916300,82.3731269489002,0.521652748297354,0.361589101899981,-0.444361166303169,0.227610647489568,-0.297275876664382,1.79156221275218,-0.237932973571181
39077916400,70.2934775987445,0.681973714859925,-0.180982457635843,0.2365914989356,-2.13476811507933,0.833786976704301,-0.513052536964088,-0.420496766342746
39077916500,78.4647710491767,0.688830998579765,-0.0180839273104823,0.16064946536702,-1.92195114643994,0.721854927758575,0.00204761879541659,0.53902113625749
39077916600,68.4707998502837,0.643621626319666,0.142571136251187,0.0614294391363445,-1.97084620405102,0.0486331925248489,-0.355454271787333,-0.614720164091924
39079957200,61.9752720126847,0.0783648299755354,-0.306731873081587,-0.550452942539785,0.853607045415713,-0.378408512205526,-1.39147936638918,-0.868991991767372
39079957300,66.9599151183643,0.166950004449734,-1.13938550711404,-0.449774813028796,0.280291306009031,0.405562326069252,-0.0248101334445165,-1.16712309246003
39079957400,59.7051188542356,0.397568745689684,0.0107523158224575,-0.47277015150361,-1.17880314107643,0.303178093871092,-0.493967397723609,-1.70562509123328
39079957500,77.5388726862169,0.3142475607254,0.596181624611078,-0.301892228886153,0.859249556453663,-0.37265326263705,-0.508599050547762,-0.033289221799577
39079957600,73.4195482416423,0.236144691632715,0.264224609266625,-0.632550827487627,0.28177012604141,-0.610211599789125,-0.0775870339780639,-0.214683347826881
39079957700,77.8406505418884,0.270454137898129,0.22423551268207,-0.798817066124311,0.33565063525975,0.69650305452692,0.202534024432844,-0.662118957718754
39079957800,72.9398801967677,0.339500024964767,-0.206046829624643,-0.432014895665403,0.161200936500395,0.198926165441203,-0.93321878562766,-0.0842414211614354
39081000200,58.9313800694461,0.692047943192731,-0.661340614797962,-1.00019232499583,0.96068713513052,-1.83294814652816,-0.28116097086283,-0.997265032536896
39081000400,63.8632940241076,0.692823085166873,-0.306113918288898,-0.682491544572876,-0.823268651425412,-0.90976409798634,-0.432579926054628,-0.353337678784749
39081000600,87.0678737065251,0.68677095911891,0.322245568073444,0.32688682884719,0.547331124703041,0.234118161132084,-0.227526137277688,-0.129385266006494
39081000800,58.1512671006799,0.687738794820261,-0.851851504176167,-2.2322055663498,1.0568915499593,-1.12785924260928,-0.36279644577865,-0.773447373927097
39081001000,89.4347576090065,0.689790727825267,0.23660032010575,0.345113317012861,0.312170428397152,-0.0189289840497177,0.223934922794939,0.44458828396773
39081001200,74.0098950858641,0.531989103545208,0.0737629803047855,-0.361940772943136,0.627575036391847,-0.168032459260286,-0.473000577443367,-0.788243561887207
39081001300,60.4403653588509,0.648998364634349,-0.54256805436073,-1.42381109175013,-0.239313264049828,-1.43595805588837,-0.375510061102872,-0.125968712163796
39081001400,86.7135130419595,0.692823085166873,0.280014651009238,-0.215525401125948,-0.0925146541270693,-0.0886113730906082,1.23077562309108,0.270389075820642
39081001700,73.5096892257419,0.689586836525784,-0.242702727072538,-0.966064212889595,-0.399973786582478,-0.379380772741146,1.21843523562315,-0.47149700859983
39081011000,61.7049055960131,0.50606949010669,-0.63034516929585,0.255673517574909,-1.70598551123421,0.439203051300773,-1.957745692675,-0.320190927559517
39081011100,55.2856445395016,0.675405666818999,-0.516657302942823,0.30835956138854,-2.79782357339052,0.182958678211596,-2.14824466335611,-0.475865979266768
39081011200,52.4104485828599,0.416784255919009,-0.179118072303468,-0.886725955354423,-0.192602255329915,-1.26927412378202,-1.97286804059837,-0.705485227484792
39081011300,85.3583885338651,0.572782176808342,0.014552800691547,0.109329115378789,0.523817513080182,-0.201724150570769,0.745132480816639,-0.210549681557032
39081011401,84.379883332462,0.676500121967885,-0.0978611661638941,0.157079479046148,-0.18033350308704,1.1229838508179,-0.036682582877827,-0.091339974223814
39081011402,76.7678918933061,0.6517969773502,-0.656409282702218,0.165562293691352,-1.03416506286616,1.09557461348766,0.230538727586775,-0.359245539686722
39081011500,81.4256721811778,0.66233869372279,-0.0772911264409401,0.39538806226682,-1.24141271831501,1.04485260715641,0.0296967438862195,0.24361901975768
39081011700,77.5132599840942,0.661498329313288,0.101407279721111,0.283985695494105,-0.678530966929867,-0.654428947004743,-0.0440634927236648,0.39580301931748
39081011800,74.2628097272749,0.659294216684411,-0.0869151653039148,0.323861360237172,-0.297694116634078,-0.491296914695134,-0.738109882637442,-0.112107526908673
39081011900,78.0479389306458,0.451023918807386,-0.553434168197333,-0.00443386130297624,0.0381202356255512,0.706091801113389,-0.283546189447197,-0.307242607498472
39081012000,65.3259907809739,0.659792071822857,-0.264559410003404,0.705818383406883,-2.00092188492152,0.534079347061605,-1.56481774510132,-0.553699169155253
39081012100,76.8037845677805,0.673014058773167,-0.104841435031284,0.815183173873432,-1.74536440908939,0.874382844452942,-0.513615562223921,0.0282270045925682
39081012200,77.929687382502,0.632204701106421,-0.217299828387945,0.379877312791224,-0.813505542703625,0.320281782728954,-0.320558959701399,-0.0714917284516142
39081012300,81.3005346475109,0.552164460557587,-0.0172541851624852,0.438638411270305,0.788620599416352,-0.255458799295903,-0.419359585425783,-0.275530219637541
39083006700,72.33346768407,0.317571609917223,-0.140623604020148,0.0304762597456406,0.0711227150046201,-0.0404116130874564,-1.14621912598713,-0.164234172613401
39083006801,77.6139093550812,0.389564413007849,0.818724663256461,0.386619590376731,-0.0905228433544173,0.113382650789652,-1.49157635642467,0.310053854597784
39083006802,76.0362086520914,0.493787952608306,-0.387336234746963,0.563119434851362,-1.18792880150313,1.07345632071657,-0.54090916066708,0.186783562081233
39083006900,71.8644209094359,0.434068610853398,0.121495417489494,0.461767294545846,-2.00658888855539,0.579887398730484,-0.846712124901798,0.264445451235832
39083007000,82.8417847257819,0.468289376854035,0.342858134529444,0.41235760896322,-1.27042447266171,0.949099434736405,0.0609878276726689,0.83638680260038
39083007100,68.1029446515194,-0.731447004185759,-0.0296793926761709,-0.450005910709358,0.399478335867888,-0.445352528193094,0.538198127858509,-1.01690206461462
39083007200,75.2448655874379,-0.275182621529052,0.142792956671986,-0.318846453789801,0.413826612076754,-0.538952341981338,1.15128879269112,-0.529092340152227
39083007300,79.583601913508,0.0905356119606125,0.395998415819612,0.128976571537912,0.330548113899183,0.975302127007291,-0.208023807085504,-0.765297533998337
39083007400,69.2918516042602,0.552342588110541,-0.243978297384889,0.401372620549029,-1.58862840131595,1.05766692703314,-1.82399921058729,0.256649030606392
39083007500,86.9669015669841,0.00241436547129744,0.473693705000199,-0.0986475718220315,0.709459512413798,0.365861783148208,0.890348780537233,0.05863808299725
39083007600,81.982314200703,-0.293318992842965,0.18081460618214,0.0336062516352535,0.586126462785648,-0.253797934432574,1.02053199247146,-0.0406285132672074
39083007700,63.789984008761,0.378079271181006,0.796592583444092,0.256503608155749,-2.37043416937616,0.247529761359399,-0.927873369099014,-0.722497541279543
39085200100,87.8798117623522,0.692823085166873,0.33837603219157,-0.0940447385958943,0.972735946092758,0.252527705078929,0.44717925280769,-0.405469035836784
39085200200,87.5283003106901,0.692823085166873,-0.00412822757930221,0.0281516469232935,-0.104562760864298,0.490708644597751,0.327704675113951,0.35061338587759
39085200300,92.410502296699,0.692823085166873,0.102169611443746,0.306654995586495,-0.0546107774258755,0.502811447320972,1.20577536947484,0.64327036470702
39085200400,85.371180301103,0.692823085166873,0.0771083507682469,0.213186172498453,-0.633444268504977,0.325693427901274,0.822815047613979,-0.0207317889958762
39085200500,92.0010173745712,0.692823085166873,0.0591902579483696,0.169554330141137,0.79511699202718,0.179212029954447,0.60896041042021,0.494622669916033
39085200600,84.5296698211819,0.171072578318019,0.120612028014261,0.342920947207097,0.248690324068453,0.205620202053779,-0.188113212240956,0.783627226428731
39085200700,85.1742585983772,0.266328087584128,0.0882241369353844,0.206650212202466,0.0888723433363903,0.244182501958092,0.913770324567246,-0.136897034539295
39085200800,84.1636981498263,0.302373208444407,-0.0337710953799422,0.120873273463208,0.118372875767821,0.0492198189393779,0.326414623481736,0.485670913308598
39085200900,75.78167668731,-0.768020158253682,0.0763521530890482,-0.0748810450550565,0.384144763575565,-0.890192889609663,1.1247676576263,0.248704843898295
39085201000,89.9934850369919,0.685213997341301,0.89252570978384,0.261014495127944,0.748330847747572,0.23664826152635,0.196422131573348,-0.245697334154674
39085201100,87.7066262978794,0.672247471593987,0.715266023680868,0.265265844913049,0.224893484956518,0.494970222538551,-0.537530926272022,0.469504945783465
39085201200,82.4756078006742,-0.187783004711452,0.340451399453865,-0.0294051479694819,1.13507084013311,0.628600706960432,0.156299421489939,-0.41649196455537
39085201300,68.8742328655873,-0.327983189248941,0.306021417037731,-0.2921557582269,0.206261362083526,0.68774586753532,-1.94446393910669,-0.245933391323488
39085201400,87.5167292084728,0.0248830339966268,0.942993908536233,0.0910456156109352,0.989907917457241,0.125323383106399,0.305360111236759,0.347506674884558
39085201500,91.6391611398124,0.106438981854332,1.13031392194113,0.0925078876999981,0.679794902116118,0.236832169510043,1.0836301315669,1.14716707789248
39085201600,88.0006258431641,0.525530359368246,1.01081676757215,0.351144911717953,-0.145147816824966,0.0637672864295946,0.280159205836974,0.420375849134594
39085201700,78.3474822832617,0.122185347025945,0.920630261429334,0.335305144909442,0.184923003100311,-0.0674358445515126,-1.09412435753901,0.224907766422065
39085201800,86.7920695422081,0.692823085166873,0.749525243649399,0.375389802831661,-0.848015297616956,0.379585309294163,-0.00475997412449859,1.19875188653866
39085201900,91.1764190360881,0.691456014391155,0.493933796966136,0.233404393849539,0.0301777913156559,0.175732182371757,0.653980142594476,0.51510895295854
39085202000,86.8553247328346,0.692823085166873,0.380001446530378,0.225303642519214,0.0995498772986143,-0.347246956485663,0.222008778786997,0.509796879762848
39085202100,83.6793018881661,0.691686946597774,-0.0713400821938977,-0.291274240284594,0.262302247734931,0.0803813394628878,0.849671937216343,-0.42492818293726
39085202400,84.8509101486862,0.266865366271314,0.557885563536773,0.494972675876811,-0.450032219536169,0.0630735487138003,0.187453577272692,1.03326912457974
39085202500,80.2263848446948,-0.0134472095232944,0.47210802819686,0.419007943738658,0.240163991930855,-0.108911251563432,-0.668636691952251,0.455966448674733
39085202600,85.824953876841,0.289172618175322,0.370312765125227,0.55595535337389,0.0412427802554837,-0.219670837838225,0.304606188853304,0.613587206524079
39085202700,86.2710244623819,0.504942679414591,0.988119478108866,0.531872079794921,-0.0131321758402082,-0.24708543029358,-0.2376458499928,1.59086810695779
39085202800,87.6216110229266,0.0994764026645421,0.830828661401603,0.447677934938194,-0.120700768073431,0.216194365572619,0.380230756633447,0.914424754427805
39085202900,91.5796357222602,0.4085291889825,0.891824043900703,0.602791892122588,-0.10436620335325,0.411282004443569,0.553461679840009,1.0671323037117
39085203000,86.2486206143548,0.513011918270952,1.0981753543114,0.805971434150419,-0.748093587331705,-0.260020920654783,0.526356404889845,1.34745773143991
39085203200,82.7757274032782,-1.43005819215783,0.951406203301102,-0.206104390991974,0.727709796612994,0.174244092885667,0.798253393785783,0.828371917579202
39085203400,90.795503581263,0.240940424867718,0.941281079458581,0.198365640685599,0.68515076733055,0.479636882079476,0.195189094000289,1.08380071123436
39085203500,90.1361170792099,0.0642400455766805,1.30658621648248,0.417325840600858,0.2713388521293,0.469727685017671,0.20146669325256,0.897053757953829
39085203700,88.6116368869057,0.679676694249611,1.69590747593673,0.430988714370659,-0.217199419921413,0.29190726254007,-0.323770479388909,0.944130301045563
39085204000,83.3705446115515,0.692823085166873,-0.473003809760563,-0.247889669759259,0.198792432546722,-0.105769839792461,0.264824152055434,0.618558310261097
39085204200,59.5185258985112,0.692823085166873,-0.746778246995987,-0.593049083020787,-0.103009848487533,-0.637133950129971,0.124170493824142,-2.52956008393018
39085204301,88.5970547056008,0.692823085166873,0.0200872955543281,0.526649216767848,-0.47444818834479,0.0517688989669993,0.739544705977509,1.06690933272657
39085204302,81.5260579872423,0.692823085166873,-0.272313187063153,0.15035109576787,0.690565205694734,-0.0926103299238685,0.346883247714901,-0.82222859368394
39085204400,73.4484516445326,0.692823085166873,-0.199190315526505,0.239398322911267,0.745288359504268,-1.28517557033468,0.240315907489669,-0.990114949740658
39085204500,69.3894788163746,0.692823085166873,-0.874173380913963,-0.538363800099667,1.41482308157449,-0.60613000367884,-0.621295353573247,-0.524079789807691
39085204700,86.9262217257662,0.691671511615021,-0.232377671027755,-0.141663165751404,0.313560220828643,0.100700618165485,0.996016803958915,0.117651746887278
39085204800,83.7496112993123,0.692823085166873,0.213651420384856,0.287764905733646,-0.322024843597999,-0.150911976462591,0.196682139676994,0.00833074001383751
39085204900,89.1219371106794,0.692823085166873,0.663764851196043,0.226755522720295,0.412886804117474,0.0191981375872058,0.0702573453665597,0.105296376081261
39085205001,94.6919421717751,0.691949404314383,1.28131367133148,0.495466274197524,-0.0632656765555336,0.565170608625257,0.422828716670489,1.23866141850359
39085205002,92.7404918927689,0.692823085166873,0.826830442555549,0.640163907396917,-0.0727782233309487,0.442172877331238,0.0405858807532754,1.24255167252302
39085205100,93.666835684806,0.692823085166873,1.23777237622255,0.455341624295461,0.248667668581249,0.327999626695935,-0.056080273990398,1.80991350798744
39085205200,72.1745779068716,0.689510037247496,0.675711123609759,0.595737677094288,-0.914105312321888,1.47665333924252,-0.114985534620467,-2.38870415262089
39085205300,91.2937258979419,0.692823085166873,0.644982539660547,0.705625850220642,-0.237348259755278,-0.00287484691866217,0.398063480376152,1.42839148970414
39085205400,89.3805579230192,0.692823085166873,0.661360559652986,0.25166219026828,0.576545496832544,-0.430641392381977,0.211449626497596,0.795882661267842
39085205701,78.9718497863169,0.546910160019416,0.191377765596175,0.0472576400872688,0.368692299730452,0.108561206221508,-1.37290587977056,0.551395300260561
39085205702,85.9382330282728,0.622614588135845,0.221363797761974,0.634059721006386,0.686705685217669,-0.144448785690067,-0.598255015368825,0.613629343674193
39085205800,88.7233929802611,0.669050646501638,0.323997828924657,0.532762977126429,-0.530489049938819,0.869488365692507,-0.0082903669322425,2.11869373906321
39085205900,88.7242202613008,0.648673282425778,0.234218682684899,0.566325193677688,-0.279244462397863,0.78636590609436,-0.115641719024856,1.00982185912072
39085206000,84.8561415732874,0.640771497016305,0.267902447337428,0.421192153286404,0.428133772042794,-0.243566974071467,-0.217885745414117,0.0232365235076362
39085206100,90.6180482776359,0.692823085166873,0.440323186771134,0.45971833451616,0.78260066532664,-0.0489076308210773,0.111539711701398,0.183114279685238
39085206200,90.4585902285467,0.692823085166873,-0.134340625027569,0.18361819819789,0.393901483970475,-0.0717012377769782,1.3381404003379,0.598535925303756
39085206300,92.8643895392766,0.691765954854988,0.50719774122606,0.293665066732403,0.214782972414301,0.0762203157427889,0.629855120483849,1.22896994423593
39085206400,97.177742111352,0.691993151306243,1.71848122731881,0.532780268814765,0.186475541494228,3.81006704336971,0.2958726604438,2.63240752898799
39085206500,74.9082237766866,-2.05279531503392,0.875821048230647,-0.747639557673048,0.55733339873602,0.0693039103317803,0.282918354955916,0.757308963881586
39085206600,82.825564966537,0.692823085166873,0.368050307493886,-0.316965172512036,-0.455411634734789,-0.230035963177331,0.531625335172898,0.495383015528931
39087050100,81.1354827177373,0.466706886405,-0.238036292709078,-0.120969297269696,-0.079886904595507,0.00372010316113249,1.28519304604854,-0.246402936200292
39087050200,82.2888551547216,0.339450271440524,-0.220213560347188,-0.115482829841049,-0.174160089498777,-0.129489740846964,1.39214218052102,0.670340005850267
39087050300,68.4122604543653,0.0794822982499066,-0.0543509937276954,-0.562108678678456,0.741634205911979,-0.625475152919473,-0.282994878348516,-0.73863510622562
39087050400,68.1281847456517,0.402950595070252,-0.157418527729506,-0.433675937795433,-0.359124300691621,-0.199144347646614,0.716346142333264,-1.44121770014204
39087050500,74.9763037637072,0.641660738871189,-0.350367833611367,0.162287579909896,-0.227417554229226,0.659969474169308,-0.957824742464749,-0.441769986910283
39087050600,63.9365376410775,0.630089943674445,-0.505847191382813,-0.047311266368343,-0.329983157027998,-0.119207187911812,-3.71798486406768,0.13130500254004
39087050700,75.2052444982984,0.602011441694527,-0.4575125372267,-0.544227144369853,-0.0492359243805816,1.01721976739556,-1.12221894352858,0.523600209994226
39087050800,78.3727549814063,0.630313246845782,-0.27417224377748,-0.634398820285118,-0.196512221937673,0.453215643334094,0.0139057518727906,-0.0476505867296519
39087050900,84.650180823642,0.675942446274524,-0.313362763134125,-0.441926144621589,0.247427799530712,0.031829823588225,1.10686174108541,0.233646872042875
39087051001,82.8841515585728,0.660232144531759,-0.215092780207404,0.0285222731346139,-0.270491846580469,0.357897779407985,0.362690912627293,-0.113996767141779
39087051002,68.4985411129035,0.57643064781734,-0.435645059415127,-1.06864727964473,-0.948177327967453,0.731246203446723,0.380855577592468,-0.856871224778891
39087051100,88.745327510326,0.573915421772573,-0.222816347682424,-0.126661417320298,0.264284689253101,0.951664719164948,1.01389690135749,0.306948879998199
39087051200,88.3088883355498,0.58768249335754,0.101900542125823,0.0476684476914713,0.266935890834895,0.721993923436022,0.364563410290294,0.0444339269143584
39087051300,87.5555998285208,0.61360635632381,0.114588180671366,0.051166880654733,0.09438693911847,1.13916523332396,-0.00982801554149906,0.379450125524827
39087051401,89.4000443110429,0.669593305258177,0.392605721504043,-0.0299634773346014,-0.241104768734827,0.758144993348872,0.644603829227051,0.604861915769977
39087051402,72.2709774290519,0.676088739327018,-0.422101693872396,-0.142786972240883,-1.6362994021337,0.98344444251108,-0.782629353576015,0.72442859548506
39089750700,72.3110494789875,0.357332583519964,-0.2264988315995,-0.877680177612441,0.520575059926558,-1.21932495017085,0.465000822246737,0.172729398273915
39089751000,67.1039755469217,0.512466418013821,0.168198924422525,-1.12458974338432,-0.103563883298504,-1.01793751607654,0.030549115496272,-0.507576971990767
39089751300,66.2159458251057,0.431275122532433,-0.0898548180599057,-0.539655380047585,-0.580973475599625,-0.402300190820661,0.568057644605289,-1.22730086864267
39089751600,69.0048510890039,0.42797274023703,0.485944005737,0.00470469266643629,0.382713316890838,0.157404260527335,-0.605679914017819,-2.24446055382926
39089751900,74.4923957780704,0.428993313947043,0.284298301165106,-0.244283174936486,0.326576269533007,0.101554722784268,-1.06114748856405,-0.391594423141466
39089752200,72.906255821429,0.435206272563753,-0.311840276109065,-0.533376659875132,0.224988417549726,-0.691993766426696,0.427168100701692,-0.433341771997381
39089752500,54.3444604309787,0.345622799563082,-0.502832328794531,-1.31521242880378,0.446626445241582,-0.866461604294782,-1.2313494284777,-1.11149863973623
39089752800,82.1586520293924,0.157665193450765,0.0616519445679289,-0.0366427423685279,0.222321484630984,0.0874313537495174,0.870739046254952,-0.313779562742652
39089753100,69.3977552476991,-0.659420298176117,0.194237911554988,-0.334216589914518,0.361004710515048,-0.590462824051747,-0.0631666445221115,-0.57019365228363
39089753300,81.9787039497686,0.62427593901136,0.632200156650715,-0.672382619005528,0.125185898440951,-0.282208608315259,0.812639394852047,-0.172902102162009
39089753600,86.5344080201688,0.624238818956278,0.35471094489053,0.0663733673594062,-0.339188701065627,0.00706226613052432,0.636668511927816,0.771944779345874
39089753900,91.3485068351279,0.636722024234491,0.920555366407981,0.230737453123591,0.0445896752269863,0.213150217163343,0.672072051793079,0.452013329182954
39089754101,71.5285556017227,0.557941328201407,0.470718409104451,-0.162451132907928,0.272544887760874,-0.184571452551173,-0.433741838874531,-1.38814691408727
39089754102,89.0045452532677,0.583290731839044,0.476450343575528,0.667910126049478,-0.248803137841766,0.343667497931363,0.00595582400679323,1.0443436713574
39089754400,69.9669469913922,0.395065903498248,0.146462899938606,0.369448058783547,-2.33349581796932,0.103170765092052,-0.703388671950288,0.886017184996791
39089754700,81.3165724198757,0.436271075533103,-0.0810440789467802,0.247372659980738,0.063468880474949,1.05471075894746,-0.671501457045006,0.0950358264629281
39089755000,74.1731214234123,0.477256829194446,0.481404005442813,0.825579025753013,-1.9061802985311,0.15351129223168,-0.965716762213448,0.988800889347362
39089755300,79.4085974983372,0.413510696981647,0.944416611396353,0.900994613336401,-0.0489526181582751,0.108862596111877,-0.34006087856971,-0.872654976976959
39089755600,79.0383096748413,0.437693951199359,0.423861691455748,0.69439404973157,-1.39465063925616,0.922698592277586,-0.167866962833412,-0.173862227368719
39089755900,86.8507881980751,0.666280374876351,0.632244256075636,0.704532119077556,-0.48626711576895,-0.0113885173831299,-0.0108526118851578,0.888218797392562
39089756201,79.7594347139749,0.0996687377204614,0.598284255045768,0.236838297234988,-0.420241916009357,-0.42383554575501,-0.0012612161216223,1.6788511528879
39089756202,86.0080010838995,0.403668462328602,0.796240398587152,0.341423060301279,0.0458151448443981,-0.202967980886679,0.0893099300362866,0.666092871788973
39089756500,83.7639225587355,0.682880120832464,0.934763986064788,1.00821271353395,0.157296356557854,-1.11306356515825,-0.268713522074697,0.871998929404482
39089756800,87.8225190649307,0.590456111773718,1.00746896447871,0.547358298560296,0.0553627366557194,-0.0963420408488046,-0.270800616543124,1.0380477475976
39089757100,82.8400303110115,0.503274098162087,0.979702397127479,0.580664602601217,-1.03739194433633,0.902731739937024,-0.49573640744256,0.852774255641109
39089757400,82.2206937657961,0.375480826126547,0.902706913583575,0.778695996435366,-0.0540948298153738,-0.951554596828852,-0.0129351732217272,1.26857550095587
39089757700,95.8633014515656,0.584277137261754,1.86368964109362,0.360338800123203,0.142246788151746,1.23457040708313,1.10855159095359,0.516213451752663
39089758300,76.9580249435238,0.581383319129446,-0.81189001555694,-0.570920867097471,-0.0868872358120835,0.0928929443065613,0.128169250272459,0.302701121638221
39089758600,77.7157262620908,0.452001050880826,0.148916719010341,0.258335457796682,-1.41523076004582,0.462307369901135,-0.330204490256976,0.768892623225343
39089758900,73.4493782279229,0.498097279104693,0.26641814919599,-0.25669356016532,-1.75911895581668,0.40454952461443,-0.383248537077227,0.450867741096958
39089759000,55.40079444211,0.400253302146976,-0.409925956992193,-1.56787004140833,0.76282299581378,-1.95978149014099,-0.527477036802361,-0.601757812365913
39089759100,83.9987963362168,0.496873004336389,0.202090223075648,0.264638228259016,0.0373115534883376,1.47140717148364,-0.276464874771431,-0.21675255269459
39091003800,71.6815235094769,0.584609276570306,0.242917362732122,0.119981716629944,-2.45408565748719,0.459013387219364,-0.237449125780968,-0.000948026653390617
39091003900,82.7774249538945,0.628267554236536,0.19141870464635,0.129456146406145,-1.42886124725852,0.656663061895475,0.556270679127308,0.502555914334325
39091004000,81.0484619409913,0.583514346424306,0.714799779141326,0.0933939704964946,-0.454651178888562,0.294577604562681,-0.723826455462175,0.627454721083872
39091004100,76.7990346840955,0.487388803604976,0.169588399056235,-0.0725405938589476,0.0741497977790693,-0.355287052981254,-0.311638007569873,-0.224543559389779
39091004200,75.9279935881812,0.0143205692169343,0.551214011086097,-0.534116331559883,0.200101952075199,-0.047353986367708,0.240853102181518,-0.582753632466851
39091004300,77.2021337834038,0.612011508679446,-0.0793915995348705,-0.144984246122367,-0.284964591279318,0.373987753465664,-0.502910624185461,-0.169210899053363
39091004400,71.7247922695584,-0.23153198743883,-0.0426286704563623,-0.554112712362103,0.0730839816577349,-0.756748878985608,0.881007515391544,-0.290156672628954
39091004500,72.8772690023913,-0.512363474557729,0.356086199882112,-0.236138631312019,0.583439389469023,-0.583119231705297,0.662112298362174,-0.821177788591463
39091004600,82.8818592392714,0.220946402850541,0.561503545281919,-0.0786277847342551,0.121314889473271,-0.100065781559604,0.89246297667867,-0.229491525935038
39091004700,81.4811847388057,0.623022948728747,0.653837143793912,0.468177725656442,-1.92697701225204,0.625136776928386,0.393957534068922,0.0748284824815102
39091004800,76.0766643366005,0.547512705975874,0.436635371510373,0.330436470485958,-1.06919985907817,0.761331780258131,0.28878849220866,-1.07365440424821
39093010200,92.8624120253437,0.680458823043548,1.72543706086098,0.499060133448797,-0.0283908553336308,0.351951545629045,0.108199601887881,1.39041423242633
39093010300,94.5866088892922,0.681972836357609,1.81100796166012,0.490500961242592,0.0660226803019304,0.412364624903836,0.370640229220312,1.00722809882589
39093010400,87.8768278655046,0.682191101166701,1.52341519265093,0.258653620040643,0.396511941105256,0.235879541500126,-0.632231407069644,0.431488580508962
39093013100,92.0604095162994,0.692823085166873,1.20839225835316,0.0288065700495064,0.236672623667608,0.482439308975622,-0.05860436865403,1.97909194351536
39093013200,92.2746365942957,0.692823085166873,1.19858508538155,0.0836957010029195,0.298498617173371,0.108828619312509,0.288126706372908,1.03280981739841
39093021100,84.9319521894282,0.560736408732085,0.380295617591482,0.296663888371998,0.112664618107965,-0.32313224738066,-0.0516099404337458,0.621967800093921
39093021200,76.2436485249743,0.583649985970098,0.0517733994592743,0.00325642681048686,0.0346555972942086,-0.43937734013436,-0.971960304420261,0.779217040004271
39093022100,79.5511011513745,0.628784364425633,-0.216846071348961,0.00248224407040537,-0.451866775989253,-0.249394525748092,0.217992301135123,0.360127956782332
39093022200,73.3883586718125,0.500440159959333,-0.615413441178828,-0.447794169115724,0.237698121813597,-0.829400713936351,0.261682737380643,-0.00837308391296258
39093022400,52.2567088880492,0.413393879196499,-0.607295554605381,-0.600346845331985,0.208235484123626,-1.2117704190416,-1.79463789845684,-1.1055725155885
39093022500,79.0493889930066,0.652046747069918,-0.181826250436547,-0.11122894192125,-0.508702399247858,0.176118179015284,-0.163999324439076,0.27670996550565
39093022601,67.4837407566863,0.414649215383226,-0.655356298714336,-0.443563122686243,-0.0241003753947976,-1.05489688255474,-0.0984050178571838,-0.156075967885226
39093022800,49.3848733087782,0.395649610729878,-1.11178651730494,-1.26650402777107,-0.555363797284141,-0.884550606255773,-0.296332172065443,-1.53507833752119
39093023000,53.5518373584369,0.446315963100297,-0.832241675974331,-2.32552114912514,-0.091620270867975,-1.4725560983665,0.0643094679016916,-0.605269891936899
39093023100,56.9043624363888,0.340676086314267,-0.990245431794525,-1.19890659415464,0.638998666133788,-1.54208666617891,-0.198975770159092,-0.766232966285055
39093023200,51.051453255026,0.357709223514775,-1.12497867376836,-1.09347030067366,0.208816288233116,-1.89704541461207,0.485370643057747,-1.62403248507346
39093023300,57.5539904097562,0.322682265027119,-1.3209562305617,-0.902055782662942,-0.476942782969137,-1.08567802553248,0.143633802520227,-0.567541934588098
39093023400,70.4229771017323,0.568533609955552,-0.660130846785833,-0.071145477301164,-0.194626436395656,0.162821035568105,-0.636897979247444,-0.690926483800863
39093023500,71.3713789188727,0.390121365299993,-0.660779327337008,-0.209286994935503,0.108967502415992,-0.298253145641034,-0.165024143583166,-0.525842405806979
39093023600,70.6305600834138,0.400253688687994,-1.00540844510277,-0.516437045604379,-0.304243052741389,-0.727997558960237,0.620230247527261,0.415053566346911
39093023700,58.2127690601612,0.5550934490757,-0.707452736436379,-1.34501247367915,-0.320652302492221,-0.559441856644305,0.0138126527129666,-1.34922154784688
39093023800,64.4538753164413,0.0366177068329038,-0.869828499349162,-0.901418982920491,0.134485714587463,-0.556862069558509,0.455722258284041,-0.824897346101775
39093023900,57.9692999318761,0.281822869080207,-0.420234115457645,-1.25593016551937,-0.784218504176031,-1.22718599753928,-0.342424008490777,0.000921774002672884
39093024000,60.8975049136286,-0.343929153781828,-0.545665015825864,-0.449763191678011,0.0468947217848739,-1.11315794065919,-0.829541524051908,-0.007631832605809
39093024100,74.24653620762,0.496632283796385,-0.19041222953063,-0.507704309066614,0.0834271771417966,-0.688491748661251,0.384455035677584,-0.288512229746244
39093024200,73.9967722219978,0.546596089988837,-0.922182393817672,0.157188915011147,-0.35906762151348,-0.0904376361755872,0.503528526891838,-0.654964103353471
39093028100,91.4737119069147,0.690944447346223,0.644231012358344,0.113006354248923,0.227011037073053,0.154577664295584,0.302203249065379,1.29446420987506
39093030100,86.8606839170912,0.245889589440925,0.761166537855943,-0.112979901863789,0.393851989199657,0.55134348905352,-0.0894044259970336,0.817866261472217
39093050100,85.0678064615736,0.557788925619706,0.160894822762104,0.562045597242965,-0.75877890932269,0.211084617118151,0.273204478939747,0.939838673156805
39093050200,84.1603502673933,-0.626358568755968,0.354080622525259,-0.0132833726999525,0.24931411214797,0.260704029058803,0.659928668465728,0.65306919024493
39093050300,91.2381324217053,0.464997364521137,1.07673833616655,0.340527450029024,0.213520966203664,0.33608771341884,0.286893537404723,0.73829480724792
39093050400,84.1921309815033,-0.0558448266729019,0.147356592317278,0.279866840128341,0.156461117264437,0.180037736395813,0.118763461550503,0.640194535421261
39093057100,78.6494966925455,0.4775825003025,0.120595604695564,0.236484535671703,-0.885071652640706,-0.487605429682041,0.521734849824886,0.576481743214994
39093060100,70.9582696167324,0.614088078524561,-0.808913163323134,-0.278103149914225,-0.0293224969072344,-0.325183450357658,0.459038588436111,-0.955170270496336
39093060200,83.2715742846074,0.679278487931749,0.366268654748694,-0.035977551333776,-0.00780535225282329,0.231385915763818,1.58328141108848,-0.868349552288013
39093070101,88.2074495114765,0.619791273146609,0.119687591826238,0.560344297954839,-0.669716624259414,0.315761508073972,0.85406982921216,0.99389990204861
39093070102,71.3100535757379,0.598527572938006,-0.0347287120957486,-0.269803662981667,-0.203114018661425,-0.522163820626227,0.449054949656375,-1.07744747242677
39093070200,76.9212178821949,0.0611082890303207,-0.449940545085854,-0.0606186204774877,-0.0109622376936518,-0.236128928792107,0.326964743455033,0.174686656952759
39093070300,72.5781478578703,0.0226070756307942,-0.692046163035952,-0.735095548434398,-0.0124291865044321,-0.503725581092782,0.694425104937998,0.433986756861158
39093070400,68.3478877022983,0.438546486198181,-0.725041095461653,-0.646471110130758,-0.196100541182315,-0.878642521803849,0.462120832457824,-0.252172325245181
39093070500,60.1019873711211,0.353726284257295,-0.689615113925946,-1.2305062815669,-0.361943125322091,-0.861393948918683,-0.638105420478614,0.0369988547797485
39093070600,71.3520997937139,0.540585584351266,-0.141181642523192,-0.201210658945639,-0.671341802807012,0.110536015514321,-0.986628884987739,0.111649165220915
39093070700,71.8244547923648,0.333129055892265,-0.29292283981445,-0.832823061923694,0.27092853170921,-0.589465002164762,0.300372115159425,-0.375239020109728
39093070800,38.9918290691296,-0.362638748462496,-0.793880806094065,-1.40241087794656,1.22483696966253,-2.53148737519593,-1.36728752700041,-1.42509287811574
39093070901,40.006377332278,0.024315878960349,-0.450636225472707,-3.23427783811923,-0.321948726059952,-1.69052777946256,-1.10602804473539,-0.80338143192989
39093070902,70.5630740477848,0.505930801854931,-0.241789298364817,0.0059751323974948,-0.510655051173287,-0.729968732469785,-0.0760559808328651,-0.371699977259225
39093071000,56.6326361402202,0.300447913062846,-0.592716720010615,-2.24648512419753,-0.256712842249795,-0.590785808664499,-0.691654947206206,-0.198706627113575
39093071100,81.429951450837,0.521744353671909,0.156984099551847,-0.136602634862801,-0.784059290273827,0.25911428546598,0.353315241953421,0.631001952083358
39093071201,70.9871024205227,0.48436281752568,-0.256394293612285,-0.095635837379128,-0.471999919478715,-0.147960181523768,0.773693071047346,-1.23591809951741
39093071202,87.3989198255404,0.54515809196548,0.271821636372575,0.13567654802646,-0.120125621821397,0.351088747511071,0.594239594577191,0.204163240522446
39093071300,77.0985973139418,0.496507551008306,-0.114235506547961,-0.200870779636024,-0.520415629496513,-0.0375251496190712,0.117922892650492,0.0304671548859091
39093071400,42.5498224958162,0.0744354987469405,-0.685440407434226,-2.01639842883205,-0.0442123724506497,-1.3877344749935,-0.426967831691468,-2.3176330087669
39093071500,79.3802534579191,-0.0242533623632271,-0.199314425991232,0.598573111048217,-0.694011523229187,-0.214238315949123,0.668499855340258,0.665937017930896
39093077100,84.260631011912,0.56698924287183,0.486486837917746,0.522784667345482,-1.27588638716415,1.1472583988806,0.159756424406806,0.385947380591892
39093080101,84.3630787548341,0.692823085166873,-0.122346284663162,0.140355933392445,-0.308060709009935,-0.205254834005914,0.312034800842825,1.00202033570268
39093080103,84.177741145164,0.692823085166873,1.25803173843381,0.0134006279730603,-0.716391934020197,0.344899720490054,-0.0521729714064108,0.224858826222942
39093080104,71.3520381081448,0.692823085166873,-0.101144347157427,0.192647342031355,-0.617950649050423,0.349577463628355,0.629163787883171,-2.46137505282057
39093080500,86.018663517287,0.692823085166873,0.782467086140392,0.312441587972176,-0.130378665568996,0.167772685524535,-0.634190145638159,1.12898939919296
39093080600,83.0390719782093,0.692823085166873,1.01499457447463,0.0500419187457292,-0.161389049860968,-0.537778740708385,-0.207835654977456,0.836933260673632
39093080700,87.1626680146778,0.692823085166873,0.481988331340626,0.562886405157823,-0.195189713613125,0.120106958025625,-0.454329344276436,1.77479021909763
39093090100,90.3128818654825,0.430895496841477,1.05440724677964,0.892186096086429,0.00828932324784735,4.54172639745289,-0.398402614067182,1.25660357400037
39093090200,89.4946415251167,0.335738062362148,1.10146949372379,1.08496333758174,-0.803763051153174,4.56920583742883,0.430855122212832,1.38779003004292
39093091100,86.9840949397654,0.397568121650108,0.19345220477947,0.77244669210755,-0.70259847995461,3.68950600838837,0.282511361408579,0.942759969447942
39093091200,80.8270933549888,0.42428117293375,0.0535897999728527,0.482799337619836,-0.820779097914879,0.720623424965303,-0.289404355461368,0.443545976162492
39093092100,89.6506056760994,0.633482449401876,0.166525696107855,0.297426279289561,-0.444303340330909,1.1796738176368,0.537592773373092,1.09182743986402
39093093100,78.1143713511714,0.615884126222004,-0.994867935722486,0.379871473703876,-1.23764134625108,0.738584095743805,0.108914756996242,0.840722492727479
39093094100,85.02348579299,0.606509062136182,0.269180211786622,0.613831493481138,-0.234679666877583,0.567702896472863,-0.614712194954737,0.628676577993718
39093095100,85.466136165294,0.602543520859731,-0.220297573983211,0.656077335213557,0.0210238153572597,0.945170117407189,-0.21953229773176,-0.0442882846433734
39093096100,77.3124369058611,0.612746937502016,-0.0584959144710586,0.131201179442564,0.31662586538998,0.133495497602455,-1.05419345006302,-0.315454265041342
39093097100,83.8900923570721,0.603515490974739,-0.11937924199271,0.404261310561199,-0.891439756012815,0.542231172619974,0.22988239750518,0.82031478500139
39093097200,82.6745822910529,0.524831704046741,-0.0498790593742873,0.162053961314006,0.388704432430991,-0.107781589417564,-0.0952555538026989,-0.0135981346897787
39093097300,53.361574003881,0.0420414565328777,-0.872700291949879,-1.75314397300862,-0.0144080390994915,-1.63441026020739,0.0176050788231513,-0.52151083083198
39093097400,92.8993241246037,0.690333476249628,2.06705683136256,0.425558263264782,0.275790260605145,0.298526475225805,-0.222131924598112,3.40731069719471
39095000200,60.265437148995,0.0933034892126925,-0.000256968850236089,-0.584282024840728,-0.247740446992294,-0.615352954568586,0.126568043555472,-1.78724908697037
39095000300,71.9824289735764,-0.0688782022053829,-0.342502504453981,-0.174632920708287,-0.650044564440691,-0.429063432528138,0.88533355996101,-0.0731760481618706
39095000400,64.7317918276909,-0.515972278460793,-1.02822204289821,-1.18771165688643,0.883511205942603,-1.39619602493863,0.976788581138713,0.374644414769193
39095000600,59.1115077632109,-0.226752900913912,-0.864799941097705,-0.702536602803654,-0.739025039115916,-0.491551986184956,0.854486783081355,-1.04185471293362
39095000700,69.1070569737933,-0.438036146684143,-0.282674818415147,-0.43574998644283,-0.192138564714418,0.20369795851417,0.439366867074784,-0.950592354487056
39095000800,46.5231076025505,-1.20519673220111,-1.71102417522611,-1.86837208880405,1.51805304631112,-1.76574604800277,0.0211087927074222,-0.539978023529794
39095000900,47.3053046302149,-1.29643265594004,-1.81379310900859,-1.71859790209507,0.889114254135578,-1.59631750956899,0.690090990993927,-0.806919960888229
39095001000,46.225931790328,-0.727271031917417,-1.92310486891274,-1.62184578998081,0.019215767945627,-0.546000950173665,-0.490156567726493,-0.955898921408498
39095001100,51.1435147747193,-0.368850586231425,-1.78370675027632,-1.8560116207982,1.11054810250222,-0.858868408211948,-0.225770586989937,-0.841972631760616
39095001201,63.8732934929038,0.247342282081634,-1.08046203440818,-0.363428421213339,-0.25265889662002,-0.489448293126912,-0.147218527226303,-0.626101887903647
39095001202,30.2571224013606,-0.284550741205535,-2.21009355525281,-4.32333004009846,-0.0791015843575413,-1.10731970512961,-0.196419060939976,-2.02819223207985
39095001301,83.171117563621,0.458837941229673,0.795875652637486,0.165164533201522,-0.56205044874754,0.56449516773357,-0.243527901355801,0.431913934674384
39095001302,65.2425318938887,-0.103134440311931,-0.357625588560124,-1.51703549625531,0.303713799226314,-0.418284549422077,-0.0721950578720505,-0.448670508816645
39095001303,73.0852432893877,-0.203641211104062,-0.50784709805432,-0.596222214590531,-0.662971559299757,0.575802511761193,1.00154909292134,-0.161859565245513
39095001400,39.0060527626083,-1.65193796920996,-1.90258762066737,-2.47909508016881,-0.042025782225749,-0.471489957626431,-0.756526606301121,-0.797651323517341
39095001500,51.7997117189062,-0.995456721761269,-1.91555636085021,-1.31826331319949,0.803130893305258,-1.53605570949884,0.0312663872087332,-0.044940146817346
39095001600,50.6686585854226,-0.437675486949384,-1.64284405619933,-0.62735462692841,-0.517688054493671,-0.611992065379581,-0.181042246359595,-1.15179104946734
39095001700,43.4066095367888,-1.60035821677684,-1.92309634039823,-2.53587430182814,0.261139734083794,-0.603755809049819,-0.122499687693633,-0.781783192634698
39095001800,30.5061307819413,-0.787595269168078,-2.17955067568682,-1.06849522402448,-0.448881303727357,-0.97815846769013,-4.34659891188766,-0.845402546799596
39095001900,38.5817082204076,-1.02590899394897,-2.33066863590315,-1.4511648207611,-0.917519117417486,-0.90861185210057,0.197209925335234,-0.962331036628905
39095002000,44.2959352919053,-0.796886419924447,-1.54422243218002,-1.65174093569814,-0.111894806118005,-1.59235444245688,-0.117309131747009,-0.830580595979947
39095002100,51.148547217203,-0.196872909369104,-1.7434616878681,-0.601002236824981,-0.3733639578473,-0.371890735409136,0.123933979740364,-1.9165952710824
39095002200,29.6304072405346,-1.02421040548082,-2.0757685385714,-3.45120353021952,-0.120131301549196,-1.96420641611588,-0.409238704436613,-0.857864150758926
39095002300,31.972844145445,-0.829576837314863,-2.24867262863512,-1.65047977892783,0.203821296782709,-1.09721481282549,-1.80969710245277,-1.28385701187586
39095002401,57.2116471414745,-0.225673732917044,-0.908600957956477,-0.825428898708312,-0.409858673742191,-0.46772181847614,-0.0388121922388636,-1.04056443810718
39095002402,52.2544854772595,-0.529020749692374,-1.85941216176244,-1.62867323799934,-0.470908143261512,-0.759741535130446,1.29203655839701,-0.616859997014019
39095002500,49.4866706281264,-1.03379143655504,-2.18349277505394,-2.43234454010469,0.0577658170213011,-0.850886362821177,1.01882986858464,-0.0499959925767591
39095002600,44.8651008447124,-1.39325313165451,-1.91959373481779,-0.744798451659631,-0.176394803224057,-1.36623015092378,0.048762925095104,-0.936596527477388
39095002700,44.5192102019528,-1.43053535705208,-1.72987729605485,-2.28129834498032,2.39079284859118,-0.94465695987308,-0.407446580601094,-0.811735525927599
39095002800,17.8010212877693,-3.52779913606699,-1.36745595124341,-2.27228913084221,3.76710644182041,-4.28864114519286,-1.03227793983231,-2.48930181590976
39095002900,0,-2.20331843009216,-2.62557254143885,-4.1277403869429,1.19192215754908,-2.07349277808427,-4.37076840553571,-4.79972390187201
39095003000,26.3097983941671,-1.2122176948372,-2.18689628060403,-1.74776800742379,0.515083659829128,-2.27573656760414,-1.12313251955975,-1.56362234933671
39095003100,48.8531509010573,-1.6460997106126,-0.747159203664755,-0.911413034646745,0.723869036515235,-1.96027394871307,-0.516054015829356,-0.514689163269423
39095003200,39.0131752628375,-0.951834692918169,-1.27738655885814,-2.58523265647776,-0.213534383646981,-1.51998969535847,-0.845264016358291,-0.463592349433199
39095003300,29.5073115173837,-1.10317036203191,-1.8563989836171,-1.77401941799335,-0.477062372185835,-0.99139871271305,-0.896363738084102,-2.49353067468095
39095003400,35.091895663396,-0.619737130797077,-1.95533453001756,-3.81482302096969,2.04053941008893,-0.973418595949515,-1.03955787537999,-1.31803109376008
39095003500,44.0372899193215,-0.727166986950073,-0.959957083004943,-1.2017414340404,0.319403075133829,-1.74357750715833,-1.45118998488183,-0.720092178670032
39095003600,35.4300176187419,-1.47752267501501,-1.87589862799048,-1.90512367134426,-0.465782113470406,-1.50217246731662,-0.484438888810093,-0.767915890858379
39095003700,20.664669632425,-0.714299867677877,-1.24413431141904,-1.89406841930305,2.00235581390151,-2.97120697345936,-3.39662772468339,-3.34711062289756
39095003900,52.9894157026457,-0.126232101954461,-0.763299357418259,-0.649552267895574,-0.723726354393038,-0.752302203424384,-0.267041667625991,-1.21962259503373
39095004000,44.1123668352533,-1.4753006809259,-1.48668899422604,-1.27173236139103,-0.417870882255803,-1.88610083411536,1.03189934475715,-0.85430076226712
39095004200,27.1911730898754,-1.65632489230122,-1.77570551410233,-2.27627783878836,-0.174261902501556,-1.82070591873199,-1.88764571296031,-0.710530074747446
39095004400,59.8244960053552,-0.266024929209278,-1.23455508882321,-0.950928933433254,-0.100401300633603,-1.10198498158677,0.594808589746024,-0.424520535970216
39095004501,78.3633710442588,0.230556864358199,-0.0713973287232473,0.372134309307644,-0.363672848478176,-0.309016072480462,0.852366291399518,-0.354222593062806
39095004503,77.7869832320431,0.501771839814871,0.148600532988633,0.440103018305532,-0.729176434853463,-0.163126705348168,0.187034041203623,-0.38429492619834
39095004504,87.8759969976813,0.520572229224511,0.648268017002268,0.984563584967271,-0.338832809365494,0.355034070381814,0.923486020120273,-0.37652799013185
39095004600,56.3747112727105,-0.174921527241713,-1.63312085461639,-1.43737432220895,0.326483703310795,-1.04505363993882,1.04911215771958,-0.87906500687863
39095004701,47.4177257326493,-1.03510172578799,-1.30731044516419,-1.40971038457963,0.491889587024048,-1.46051867462879,-0.158388261242015,-1.01469634108153
39095004702,47.9568363927938,-0.133312445288445,-1.00369289584056,-1.19845786606044,-0.260743491591348,-1.51194220586893,-0.133678759332561,-1.20870851710667
39095004800,49.1051353888913,-1.74342675620849,-1.33319628972187,-1.39858826284863,0.324188183473852,-1.010393584329,0.329139778396368,-1.03181830661693
39095004900,39.2219406833187,-0.818702018310493,-1.6137040273249,-1.88146140267863,0.26653708514983,-1.72361757970022,0.0324888160535502,-1.76476966513748
39095005000,52.8320109256255,-0.00510648558170121,-1.44050541186741,-1.22528031216602,-0.988989559917869,-1.07077362478723,0.250888202148117,-0.362098349809955
39095005100,35.481808392761,-0.838854554862032,-1.97217978531817,-1.81206664253015,-0.643521564371873,-1.31373472003249,-0.152793065434665,-1.3371785572331
39095005200,54.3695134677815,0.0229154662953697,-1.45112254568498,-0.56453042078421,-0.027193749362666,-0.908049067695563,0.691892935186929,-1.89852874163741
39095005300,53.6357092371427,-0.331558681555927,-1.34328386929365,-0.795937151101562,0.0614219936202186,-1.44525158602478,0.136027147278137,-0.857616946546399
39095005400,26.1447233113047,-0.747549281544446,-1.54593389843976,-1.95313101856659,-0.857637917823297,-2.18442363509221,-1.54994902119231,-1.08970178312677
39095005501,73.6975222308654,0.203552784039191,-0.574852553895645,0.0161679403892208,0.849085468134824,-0.691417781629496,0.357328783209863,-0.579668850216035
39095005502,81.5162140046633,0.353481093655163,-0.530926180956572,-0.177726972335109,0.409444889071395,0.405675528099403,0.569195169347181,-0.281302160076733
39095005503,79.7762287911217,0.36509604783106,-0.830634842785676,0.246781810119112,-0.104137737013329,0.367439070751705,0.447991720289165,-0.166532173915706
39095005600,73.0677396399347,0.0670136021947646,-0.998641585344005,0.08090359614216,0.208866257590354,-0.317799014403369,0.433493599190335,-0.446429441145494
39095005701,58.12130974748,-0.188047269113514,-0.366216663230392,-0.786029736898406,0.150174887704371,-0.666583381017997,0.178573154824802,-1.9358275709252
39095005702,73.3025095238225,-0.288260490477429,-0.616011831357526,-0.0323210824641104,0.987350806460492,-0.222281354859824,0.598264295850123,-0.833032793035141
39095005703,66.3370191273599,0.246973495291661,-0.821351802770192,-0.664467501061089,-0.456052553853138,-0.17007932252696,-0.413032807262866,-0.0388924108917918
39095005801,73.3317641388576,0.0742542497843797,-0.188328734422288,0.118870638696548,-0.597241976577943,-0.360020344763676,0.303566816270767,-0.183562879429258
39095005802,69.9972111288037,-0.0427582478284643,-0.264723610482746,0.170730013417561,-0.382753650163966,-0.225735466869201,-0.220119265468741,-0.576685595793399
39095005901,83.3620730808522,0.424579512320109,0.147675048793633,0.766163360588616,-0.807642948227815,0.048274457216538,0.539332719061386,0.378856024027211
39095005902,72.6549854548283,-0.104088977305816,-0.290363758049757,-0.0537528128750976,0.0275859873955055,-0.904735447208636,0.988441246515524,-0.309072019442216
39095006000,89.8462568926147,0.396325095401345,0.268917487748913,0.972339069029651,-0.207773468764864,0.66885007013343,0.520714575238317,0.484769701020832
39095006100,83.8856785048998,0.347256157113778,-0.155945510994771,0.187266696222574,-0.454121993160091,0.314486462112587,0.898431120413564,0.422999902971056
39095006200,77.8517157510221,-0.0813051494070357,0.0663792423794855,0.0166774958973279,0.326830840313054,-0.316030295595727,0.270341130629223,-0.254471129503993
39095006300,76.5059951287048,0.337638145333116,-0.0608441151543582,-0.430479610016409,-0.661530642756974,0.556128413885792,0.290910312123839,-0.143751868220388
39095006400,87.2840973321428,0.192792453880037,0.616023805090563,0.197504562131915,0.0124454602373169,1.01447243863022,1.02679745195663,-0.243545888474091
39095006500,77.3253498192228,-0.43567209574129,-0.0811161256786898,-0.405807304940969,1.18492351909697,0.42162172505508,0.367158198388298,-0.616914397317392
39095006600,46.9452759356391,-0.111094506170881,-1.46156789902997,-1.70418736168842,0.488652004395572,-0.871755785158602,-1.63533237355767,-0.706513353070719
39095006700,53.4872206607836,-0.448798357444116,-0.984376147082675,-1.01381714913038,1.01158325029482,-0.430400110823261,-1.89337920785094,-0.716053863485431
39095006800,47.3227349239644,-0.706862101132836,-0.882633854017773,-0.757804640761975,0.48240332839963,-0.495450390557332,-2.07311606933156,-1.39381332797488
39095006900,85.8844470695843,0.413132474470941,0.040861020680083,0.988180115237129,-0.18347965456405,0.300809729517946,0.425699168887081,-0.0912828920457063
39095007001,86.2786017656435,0.199571239479869,0.656366364855263,0.851088653543431,-0.664886266181941,0.337114948898027,1.19557927905793,0.177459071055694
39095007002,91.7633413752827,0.225452507806973,1.12755297686118,0.913851198856359,-0.131886105130823,0.458603650635739,0.87435939045232,0.713162884836911
39095007101,72.9862453421741,-1.2696750179375,1.01062910481958,-0.763558292498596,0.68945285167281,0.307502780632638,0.837683740102415,-0.989965965175501
39095007102,89.1394847129067,-0.13464341386004,1.066657056902,0.672209743442206,0.377795840493327,0.705960518716701,0.353444189131402,0.016029398681116
39095007202,81.1986236697705,0.230375791096101,-0.331366124745326,0.514132808452555,-0.173302688987883,0.323727062213546,0.485147337040579,-0.346394543976542
39095007203,90.609201493317,0.5260806132317,0.398597360008328,1.15995143027237,-0.567451104422241,0.446926375339916,1.02552947470563,0.782413240500047
39095007204,72.6224833965937,0.154030341045249,-0.10514426680024,0.580949268010563,-0.460117966103186,-0.31271503495875,-0.176247224020161,-0.567581444063043
39095007205,71.6689834282559,0.0268134210564354,-0.242523014999685,0.141672507251556,0.830996646108984,-0.545870832776262,-0.767413486599703,-0.266623278040173
39095007301,76.0377128342365,-0.108510592150585,-0.509879914052846,0.293432572561178,0.0161298692606298,-0.134998110876779,0.6939082536394,-0.574390826391037
39095007302,67.3017759933133,-0.12853157267744,-1.2618997604555,0.0549566222591275,0.231571357664667,-0.629631562397693,-0.464379788908654,0.159577020868265
39095007303,61.2058822981487,-0.567870978127001,-0.559057295286053,-0.575363780618455,-0.0640217517722725,-1.11311739973998,-0.0813390589433234,-0.413538768809588
39095007400,68.6882707712572,0.134781148431282,-1.00498008553845,-0.0529364099690818,-0.569959232414174,-0.351072442813713,0.439382511664063,-0.336309936180709
39095007500,81.4814823748619,0.316373921658306,-0.279154522095351,0.508804592172399,-0.354080247503166,0.0280203691989662,1.06261618613896,-0.21663729029535
39095007600,90.3191901452644,0.522585263358711,1.0123189199911,1.08765726794352,-0.915169370067731,0.484278582392488,0.796249823771454,1.94216203861704
39095007700,79.7469971010915,0.285241176117715,0.488828585658217,0.0743163186886558,-0.0964841255611456,1.08439995619121,0.237090902663217,-0.912092529099476
39095007800,80.8480788745022,-1.05468086448404,0.0245536382658298,0.151798135604889,0.751690628724539,1.47058015573795,0.525620360812816,-0.413621736298101
39095007901,75.3599392359631,0.363247048860945,-0.302842844569724,0.37916913877258,-1.01556365470137,-0.459459156082541,0.576140835693525,0.200296651638681
39095007902,76.9688506461329,0.307027487054152,-0.333840421519055,0.528291985705623,-0.498396457704237,0.1173312346025,0.119807775732356,-0.408204644420813
39095008000,79.8880061459301,0.465776726941576,0.906916219296528,0.362719840811192,-0.936090372941857,-0.32598189370399,0.446987538749153,0.0115241642874896
39095008100,85.4230404417426,0.544049486264814,0.46202791277881,0.308847978401724,-0.209285805096248,0.2287782883628,0.311456713702534,-0.141062339302925
39095008201,91.327632402635,0.692823085166873,0.988300385373031,0.49135266212901,-0.417251627898169,0.636675505300262,0.346397682738445,0.474732628250234
39095008202,91.9992796453406,0.669016512142702,0.767654870340451,0.609726706338209,-0.313373229393699,0.592329518934066,0.371231401601334,0.875363343266375
39095008203,88.8925276594797,0.658646575083574,1.19078971103057,0.564422312425965,-0.434376683005147,0.480739388479188,0.150921773165525,0.201959644824102
39095008301,89.0076313641884,0.211774498180893,1.10464570713915,0.0265642778549508,0.0422448640134045,0.832501220492698,1.07656953161844,0.140982706103599
39095008302,91.8540488204589,0.495756034081952,1.00480852313157,1.02847592564712,-0.513262724213541,0.350638311624656,1.09722617656452,1.10611742196059
39095008400,88.6802211685323,-0.0448824652157197,0.353297344291266,0.258601677820104,0.359564574743472,0.400173234719933,0.734781875444022,0.571431243138529
39095008500,74.4061840578315,0.211760705088675,-0.285505496162177,0.421323717859927,-0.516404372587148,-0.233944208450006,-0.395087186542501,0.20981797540765
39095008600,69.7433844620546,0.139938478066272,-0.614638338489509,0.490755937019366,-0.224416858022313,-0.389299592485861,-0.279973818753012,-0.640832608812321
39095008700,66.0014412905975,-0.030754628475716,0.215464378420381,-0.0408506735197555,-0.657833973219976,-0.407689283929797,-0.534572790659943,-0.61153202327209
39095008800,83.3055075763323,-0.571265021536417,0.658276857043349,0.686775023968414,0.0718914247178911,-0.0466159012471344,0.347795147030005,0.144576570809641
39095008901,88.1037060057177,0.509155633601099,1.62649050834303,0.844948886774878,0.0542320181076783,0.0407423532034229,-0.151538559040533,0.215903544636439
39095008902,90.8784276083533,0.474977916637378,1.68800273408523,0.978540407088767,-0.0711787424351164,0.326353477427795,-0.0789944700171448,1.16288099094093
39095009000,85.467079501747,0.466853414532596,1.65027744432176,0.644132268939021,-0.934621576087184,2.19975434285091,-0.234463994183263,0.732844230076884
39095009101,89.6558826311898,0.47485231140562,1.25216367889527,0.537096118904758,-0.183708160270586,0.0379990579401332,0.337073458969356,1.43630135805112
39095009102,86.1764263276408,0.255728596052359,0.607284113763816,0.163217814885304,0.0970344577346831,3.08289255289077,0.764360003814972,-0.527422457599973
39095009201,92.5956998491057,0.492250579614742,1.24998485331093,0.693774546843265,0.136586804897629,3.73789866552377,-0.183092844403481,1.49555762722028
39095009202,92.4810694359905,0.412495637842722,1.42785127140106,0.436506836161652,0.0402151388159854,0.709660913686556,0.31682537859929,1.2138534649546
39095009300,86.3911998678982,0.518678473893669,0.225626136171283,0.917979041009758,-1.28973271059432,1.53135444638448,0.425614844636562,1.22737509796929
39095009400,69.3247184317652,0.0982229688897262,-0.705615679691659,0.415621677732,-1.69457906939399,1.08991854020266,0.0864102938195744,-0.614041856545382
39095009500,78.1358898259178,0.224950555818419,-0.452345954139602,0.604570651011203,-0.65896399410411,1.21337801069186,-0.527175579249195,0.632291564470687
39095009600,80.5652803477074,0.557517984600047,1.14720130875758,0.577484750312534,-1.17737464251379,-0.199341265962193,-0.250269779574066,0.912835340161935
39095009700,75.9733442919015,0.435910516371712,0.362341298345781,0.219532349541107,-1.93350972931378,-0.108638534382034,0.152742164091696,0.879046107302129
39095009800,92.1123081462705,0.316032788909498,0.408339691466349,0.936868145914814,0.0521572465669892,3.18239844493882,0.348380866513285,0.982258357570238
39095009900,86.3400831342788,0.103393074977702,0.044147325252278,0.217416366569268,0.494253309522295,-0.260405556959267,1.05048402566925,0.9644632575356
39095010001,82.1889788039876,0.334839084278152,-0.344571542789877,0.215910178206622,-0.282785014873074,0.186124503932826,1.02289881573815,0.0179745929384373
39095010002,77.755016156753,-0.0578274088875271,-0.0578808229588088,-0.0407137812740844,0.0381915023217592,0.553682918484866,0.598752817216921,-0.786641448864173
39095010100,75.556178267551,-0.713293250643272,-0.597807172000512,0.040408245985498,0.362483593971419,-0.331098859170641,1.42175829350913,-0.196739779126642
39095010200,61.9424226016879,0.207381652166435,-0.63291015615057,-0.0178288137758964,-0.576951799659366,0.0496870452459917,0.144198330254766,-2.0234458838988
39095010300,35.9705537670377,-0.526868966720047,-2.34656801925274,-2.00217653347858,0.83972953050389,-1.31454329992849,-0.84224207984314,-1.22474143273114
39095010400,63.17835748693,-0.0701892608851892,0.352462516106809,-1.78345752523681,0.264587263246646,1.24302827724956,2.15002473024698,-3.96111285756024
39097040101,68.7881597910402,0.521085341221791,0.53830324108892,0.274598609235048,-2.55705791304971,-0.578320497583926,-0.116762370918681,0.503503380931697
39097040102,75.9264355001281,0.528841781149544,0.701679633976551,1.58450967363635,-0.380448242745437,1.73610029184455,-2.6715213493026,-0.0327353564525442
39097040201,72.6852834484731,0.525556404235516,1.00456559402408,0.275151421514982,-2.18122061198358,-0.250313938959683,-0.578769752260982,1.38569472908872
39097040202,68.8179251533109,0.305004984482581,0.261366717408644,0.0514349224871825,-2.25098330446042,0.113801087911738,-0.648690900352346,0.81356915942747
39097040400,85.896298265305,0.307798653350918,0.292455867544975,1.09574457267016,-0.492819334614584,0.363438857408643,0.102035819379155,0.779853748381558
39097040500,79.2907947930604,0.172192042307306,0.107496863948967,0.655522020959599,-0.241554582618371,-0.0134010906028935,-0.172458017090571,-0.11121522944553
39097040600,83.3994714727599,0.430638380418946,0.453143231254054,0.0515592187658971,-0.41186242790857,-0.0320516310179958,0.639413681747885,0.216115663664378
39097040700,75.0784795607054,-0.156586556241575,0.385774795675082,-0.548296940037113,0.320286363568463,-0.884029284914417,0.580613085905171,0.144134583400169
39097041000,84.3485165579413,0.687227146589598,-0.197870381402558,0.742973537973281,-1.08149166266143,0.620095724715702,0.773864995857294,0.0313633025255048
39097041100,72.2459707106765,0.331964902187255,0.255597986853855,0.411814882066534,-0.708994389279448,-0.852439519805057,-0.272431501420163,0.0239051072508744
39097041200,58.8503669604879,0.171407030814047,-0.0435673767107762,-0.192522735810477,-2.10889456671441,-0.473683612562741,-1.18957405620328,0.200808628752116
39097041300,65.5759102463806,0.434919874750249,0.133121234172974,0.130585311562632,-2.55040669810133,0.210952711746015,-0.89784802313358,0.328349850946057
39099800300,67.9993571345452,0.692823085166873,-1.03156560899076,-1.28725107137999,-0.0527135821264742,-1.32817290988592,0.601626245818766,0.444302311007636
39099800400,76.8834660116064,0.689092341507229,-0.447856641132138,-0.127330491322307,-0.101498994965332,-1.02519773882164,0.924162773574762,0.0582955036107794
39099800500,44.6236822018358,0.692823085166873,-1.41825324326599,-2.16014477465795,-0.143279671900749,-1.23922408824787,-0.528306365706241,-1.73859416223517
39099800600,48.2191838386414,0.692823085166873,-1.16548816782514,-2.8757446900888,-0.219875938611024,-1.87440090820656,0.0362578395491724,-0.774026835520192
39099801000,55.117678793996,0.692823085166873,-1.02857777244455,-2.21736419738094,0.11153433040566,-0.831330410303707,-1.04320616103661,-0.511225837210172
39099801100,67.2321746397935,0.676814596715394,-0.396683612033409,-2.30453502665906,0.0149869820543397,-0.682529694121639,1.22793439772085,-0.475311967380172
39099801200,68.5207466391022,0.672361634484551,-0.724803426831316,-0.874234058808046,-0.535220936801759,-0.803533279246508,0.800844748472008,-0.320604369865153
39099801300,60.1659399869679,0.650937454319854,-0.389752262877907,-2.0810048394602,-0.594727407770312,-1.14076834626464,1.08225455884595,-0.691841743812725
39099801400,74.402895820623,0.667387980901968,0.00530403690945116,-0.0854101765571128,-0.793466903148669,-0.283877848150784,0.033927529845525,-0.32589507036601
39099801500,77.6090386669323,0.643136878435768,0.147104466914496,-0.499988069645154,-0.652052955119559,0.0163578517339558,1.67994598337781,-0.499544668835554
39099801600,56.8376784062844,0.690912375347205,-0.82265222270441,-2.67441697905536,-0.106771805369256,-1.25779633965518,0.790072876042355,-0.868341340050334
39099801700,61.5360691456002,0.692823085166873,-1.02967127573469,-2.81238762546713,0.356987196500858,-0.64679685543221,0.653925362252467,-0.826242260111156
39099802100,56.4893270406009,0.692823085166873,-1.00390495712227,-1.90216771904074,-0.0397832542272981,-1.43479606061281,1.68277389785047,-1.25716364618892
39099802300,58.1335040904501,0.692823085166873,-0.993791400878209,-1.46396239378843,-0.704608992056646,-0.711268834449054,-0.134904890092241,-0.745530288471207
39099802400,58.8691139208551,0.692823085166873,-0.829439498838362,-0.92175053009158,-0.330606503326607,-1.42519528743253,0.0357456699160535,-0.919495900511176
39099802500,56.3890805000137,0.692823085166873,-1.03055584813588,-1.68753852225843,-0.55520942110157,-1.54843891980659,0.819258390063051,-0.756743331194648
39099802600,71.5335422476939,0.692823085166873,-0.601555924301537,-0.452324596625586,-0.589758592932159,-0.495036294905388,0.734966254226812,-0.557738674722876
39099802701,75.9222201443488,0.692823085166873,-0.296813789899575,0.481711109786442,-0.0434825416442249,-0.439519584435189,-0.0781408215892344,-0.84653621499624
39099802702,80.8998937378975,0.691141033141622,-0.289575302470504,0.361879232640991,-0.644820852954396,-0.14892064600168,1.0571064857126,-0.318953894771682
39099802800,77.3589309365016,0.692823085166873,-0.585653841209654,-0.455167242050411,0.116871706433025,-0.139774972224579,0.360855019932633,-0.455786859410009
39099802900,57.5820609408376,0.692823085166873,-0.937606581639654,-1.31187902969767,-0.177816810669208,-1.76303319582501,0.280812288173816,-0.78380226491287
39099803000,65.2425161077916,0.692823085166873,-1.18213111825749,-0.430507460620587,-0.916639942794169,-0.698360575506166,-0.128575192672387,-0.000390762792940479
39099804000,65.6823684695507,0.692823085166873,-0.722917413578625,-1.39615934198878,0.0958381587793354,-0.265314460944979,0.374132754523935,-1.3245473267042
39099804100,74.3393397775181,0.692823085166873,-0.843381555399393,-1.21781767441585,0.0195457345424379,0.0987046928206902,0.246798468856908,-0.173936440623911
39099804200,76.707695804003,0.692823085166873,-0.541199458097482,-0.371499605168599,-0.0707038498304828,-0.183682929418792,0.712832205336883,-0.646322908241776
39099804300,60.1746161885545,0.692823085166873,-0.817296082547838,-1.79708892716956,0.184347089199276,-0.929563911955202,-0.422124027483183,-0.683377351694383
39099810100,73.5306962206642,0.640159310557196,-0.51371217983572,-0.310080332343306,-0.00442746481977394,-0.290781632149607,0.0463783063580527,-0.622812102826938
39099810200,61.2316995790664,0.559211085155109,-1.19896377839493,-1.07653953371367,-0.71028595763127,-0.554481880990573,0.174331374521123,-0.537148113726151
39099810300,45.6027442704817,0.490631920316581,-0.877548617532038,-2.48017574009041,-0.118930895343634,-1.17041440685815,-1.06436692052329,-1.0397647054702
39099810600,63.3893860762213,-0.479421764306338,-0.0345738932549362,-0.786491918484037,-0.00391104699692078,-0.739942088963473,0.259087960708303,-0.91509279415572
39099810700,80.3570551330346,0.318213547917509,0.172965123871473,0.0950842270045673,-0.00168100258964252,0.119899772933877,0.410518038783184,-0.566791756411974
39099810800,74.3297459841085,0.197125800447322,0.050127945373718,-0.299669491004757,-0.255744021094913,-0.416798239111631,0.607820800494791,-0.379440863409225
39099810900,86.6298193566658,0.330903346647154,0.120839133442936,0.401259878465568,-0.126677086140235,4.23298549182658,0.465187908911695,-0.0580336634962242
39099811001,89.3381886853935,0.539354487558084,1.03015692954182,0.479017181146603,-0.279962760972989,0.500840543063524,0.430953425762225,0.14509789032204
39099811002,88.2413432925907,0.592494857550171,1.5191104896839,0.302954706871701,-0.480361064923728,0.456176575246155,0.230729353350896,0.415918294298374
39099811100,78.4830423169301,0.449276320815577,0.317154913023677,-0.457031808488635,-0.116206229096269,0.230415031405601,0.117681774024461,-0.393243025338884
39099811200,88.0739751224014,0.583460058616387,1.49152091013251,0.598117341954854,0.332223102150523,-0.0274756493353047,-0.431616631250226,0.428336269615878
39099811300,73.2975399657007,-0.0762498859886571,-0.00652051678497924,0.2067454284142,-0.786688813972701,-0.176613029192718,1.06022593740639,-0.625714208457549
39099811400,73.8129568280671,-0.660695380671443,0.255017232901799,-1.07904432999225,0.00941322481030941,0.0493934742254415,0.470154844635414,0.0356694940379148
39099811500,85.8075520569145,0.383333146402883,0.451368034177327,0.410305625212689,-0.327936810370713,0.0267890775838123,1.02303757184795,0.0877566704155245
39099811600,84.4221810986292,0.226002218816583,0.647346474076679,0.558237694372201,-0.388439659124978,0.163610424652628,0.78984147494284,-0.214500580874069
39099811700,83.8461947075807,-0.0967667162452232,0.709028062652484,0.164394305750039,0.0945519617834909,0.282942732073134,0.565705500459347,-0.239312236052556
39099811800,76.0756124939349,-0.92323600366508,0.467139318094154,-0.329687202454423,0.419965400539676,-0.311093241566886,0.889940367351249,-0.366366718056087
39099811901,85.314227135321,-0.915606985348355,0.790969837944388,0.13738052148228,0.359574317980802,0.664120785455797,0.518564716745749,0.342778485564926
39099811902,89.2878988742527,-0.318618003164328,1.12008734720735,0.092818137644825,0.690492784244472,0.320660887926563,0.904695922923098,0.613917167449036
39099812001,83.5570945685259,-0.622643669642915,0.731219596759226,0.00740620988131012,0.792583151074242,0.608779169802499,0.774049868800016,-0.491043621752652
39099812002,85.1573059586522,0.271691101875051,1.0348632944702,0.302177715652862,0.312009110568053,0.0345776785390457,0.315171468154573,-0.348108043126276
39099812100,95.7954133506954,0.673985724744614,1.32710620944313,1.0834037450743,0.414530016949026,0.41210378297194,0.123468363971781,0.96619496773892
39099812200,95.7715852641115,0.500046613944789,1.0410792650687,0.979466826252448,0.646816110504392,0.436649040264097,0.521126550374791,0.664459616097801
39099812301,75.1686825542743,0.00237948590005205,-0.695317058225978,-0.0663005414970181,-0.100797707142158,-0.335895184101649,0.428214117307356,0.311656035872121
39099812302,84.8902925420621,0.485797627494426,-0.0662094761369448,0.183663703819047,-0.0415959556476931,-0.121175401408073,0.642342424841491,0.435165065424829
39099812400,72.1538895155518,-0.00182344366624088,-0.855894154974714,-0.0724600416601464,0.150235105503836,-0.478573118078498,0.363262927027616,-0.271466175719054
39099812500,84.3208461609499,-0.358399119310506,0.34451154474599,0.767451092008011,0.384436389275942,0.10733584871147,0.132946819911419,0.0518529499557776
39099812601,77.5668436035657,-0.424595108513703,-0.310183775021487,0.206696292950481,0.360723250149601,-0.0745570821780717,0.927940372030584,-0.601297997314586
39099812602,87.6949876825127,0.474833757436716,0.122851974619278,0.51774533866346,-0.0091079760624902,0.301624678194017,0.431283293226832,0.153981375552437
39099812603,88.1978539390968,0.209852947036788,0.50541187055942,0.657985578576162,0.418919611090445,0.13355621835065,0.292989808526266,0.13614095063035
39099812700,87.9266271929998,0.516171689953223,0.45978314997528,0.972175216421077,-0.75154041883065,0.736828860658997,0.326263990395082,0.587021019110942
39099812800,76.7543826581256,0.588108215579652,0.216551822622069,0.636268275295188,-1.24294156238048,-0.000250800418969702,-0.74481237088197,0.824383554318923
39099812900,85.6106066752326,0.688400204067042,0.699986847861979,0.944427270666006,-1.59009442063719,1.49308695113289,-0.110698305885163,1.17215561836736
39099813000,81.7221852441746,0.506096056016712,0.0238129331006921,0.303313346681656,0.0147669226738559,-0.410584366985031,0.532623963840616,-0.218004791471283
39099813200,79.3293024204625,0.086736025224341,0.0571985826970703,0.210695878370756,0.442807428637768,-0.204753771685344,-0.142886547024827,-0.136389690484907
39099813300,85.5295972396849,0.490791152193523,0.201258589336384,0.803664853449189,-1.10605138304052,1.48610796484643,0.694979752330321,0.260452001246079
39099813400,89.4980701753162,0.526354257615037,0.533977076465367,1.00034576676868,-0.962574814632692,1.57020875987073,0.927401677720445,0.607940059577869
39099813500,87.8983591957965,0.415999440725578,0.79127834039869,0.644673223962843,-0.573554581031086,3.72050749637425,0.290510293943859,0.294248603239232
39099813600,87.5596879937306,0.446947365131434,0.871113935115234,0.278381859138085,0.0118165457496523,0.865811263669067,0.396810596426188,-0.326572761643433
39099813700,46.7183356696636,0.684519537019819,-1.27286949615229,-2.11829722377187,0.240123573351937,-1.40238190188606,-1.00555786397701,-1.14133522082642
39099813800,59.5072125430681,0.681286178348416,-0.942484458565489,-1.46861780462975,-0.00937247597777249,-1.18745028642232,-0.47874951411775,-0.384319548859638
39099813900,57.892992111612,0.692823085166873,-1.58777996935287,-1.58916902771915,0.192476260301522,-2.01223679718985,0.35781919838033,-0.155229043486923
39099814000,53.3901313108135,0.690754742950341,-1.30806189887422,-2.20479139047293,0.414477945851929,-0.597873449612303,0.829543903432659,-2.81248529613441
39099814100,45.0642153134805,0.692823085166873,-1.25010231457222,-1.57884610330267,-0.185306549836356,-1.62952019330981,-1.19094815501368,-1.11671233269325
39101000100,33.6133822345881,-5.79448483725538,-0.817352253813853,-1.47005067809354,2.64454021026437,-1.16848861904579,-0.749923487049075,-2.16738745461498
39101000200,37.6120403824925,-1.28696397743575,-1.16468961512795,-1.50937019172142,-0.291839281755584,-1.72550778048006,0.661541940683009,-2.5987925336632
39101000300,54.5949172186332,-1.1537471095896,-0.678699097785739,-0.888992630172643,-0.358824742618228,-1.13239582901405,0.0110531493984667,-0.540300049237068
39101000400,66.7142010731559,-0.996713662274983,-0.462047014019877,-0.295232528497006,0.23148735368132,-0.446132813740914,-0.0765726607465154,-0.43054324976361
39101000501,64.6369171047096,-1.00245475730451,0.00926493498689529,-0.541994804969421,-0.636774312378024,-0.52671424271737,0.429989082653227,-0.388484183154585
39101000502,57.104509088297,-1.30733321566812,-0.0890091145884847,-0.329609928823098,0.043115887560285,-0.640304858204574,0.472245429643936,-2.24597005384873
39101000600,75.8982219103739,0.115372481594906,-0.234986687803682,-0.0438717081427728,-0.13600569677893,0.393541506211072,0.796713374351421,-0.908880418020507
39101000700,79.2826708229698,-0.0593503332443863,-0.283115391553619,0.366953967785428,-0.735589733287167,0.286961119053067,1.53731491133157,-0.00665982765757249
39101000800,57.0957539748755,-0.685149425654625,-0.589668278951718,-0.680194725530795,0.111932239406706,-1.56479797350259,-0.106445154190226,-0.550784318597479
39101000900,44.2630009542174,-2.80847553414146,-0.631392891443762,-1.2557339525544,-0.037911056728721,-1.16286010098556,-0.0542773100569585,-1.20588625747115
39101001000,79.2452300343817,-0.292568903331408,-0.0229884227958383,-0.0604401124656638,0.486480627180516,0.143971533689133,-0.345164245280778,0.600573357182469
39101001100,66.9336046995247,-0.0678775299050677,-0.827643678238123,-0.115035219283769,-0.615536347012397,-0.657721145231417,0.614132622464634,-0.298058431115202
39101010100,73.1402729511576,0.577312896793792,-0.112768418071158,0.251304628390698,-1.83314175688851,1.02557757785004,-0.427616440881183,-0.234940930789573
39101010201,73.2642454356198,0.390681457177654,-0.336102207281164,0.204507477222064,-1.99034414095544,1.0199663376795,0.0648230600298736,-0.0399140084413137
39101010202,59.9579326883064,0.59782667470921,-0.322052404972933,0.742986397396552,-1.0830242990442,-8.22839894986006,3.81471579945144,-0.844546834042319
39101010300,66.9440130910238,0.655682371345744,-0.527222375753211,-0.0341362999184636,-2.50049786047347,0.693573950676876,-0.5822949663869,0.172769002096249
39101010400,82.8323030207249,0.525619129300845,0.423416641460424,-0.0757284256022957,-0.834202958511114,0.584430814987562,0.8295649866376,-0.0531343882335711
39101010500,79.3910378161345,0.495512772549732,0.584933788202038,0.310199805470883,-2.05074769398328,0.868783875490871,0.244249286293397,0.242805572623559
39103400100,94.132864479303,0.679189327822949,1.38926082802888,2.39845861666686,-0.0219849337662585,3.15138024396472,-0.266165844842308,2.03749564149458
39103402000,88.9486921525835,0.666691536982844,1.04557347604375,1.02958979139603,-1.0829673858534,1.17037747883141,0.171023470795631,1.1215805937731
39103403001,80.0605148712938,0.633401132804095,0.346810475473198,0.86304346942356,-1.88816082735951,0.960283991007137,-0.52645225193526,1.35172686851689
39103403002,86.2530500561375,0.65142717149754,1.13005654560092,1.01722412314135,-0.866403898606644,0.904181257739863,-0.501625071408114,1.23923450462202
39103404000,92.8777841816192,0.350734880876048,1.09042264978935,0.643585374955522,0.371440039188552,1.30092338655314,-0.0529666979438911,1.62420493806222
39103405000,97.4266337805832,0.663815022316833,1.79384388464796,1.71244511059088,0.321830221623668,2.32165833867639,0.0503596272443907,1.85664313171278
39103406000,98.4582916608685,0.62596154260942,1.44618728732566,1.35046516531299,0.260370226103043,2.26161514667436,0.528240028292346,1.67770104616415
39103407000,85.0096039490299,0.550855934387904,1.46197313158909,1.03770314385913,-0.447202560338307,1.48757864797615,-0.0660409700385138,-0.618955940333421
39103408001,84.8449278334403,0.181153838304532,1.08552792025717,0.355785102360785,0.0606568750170923,-0.200430107377852,-0.0944593221885713,1.04779573996642
39103408002,84.7634214499017,0.121276380673554,1.21149241017504,0.210685355615586,0.129034846794729,0.714285656396692,-0.72729446986191,3.07314277395687
39103408003,79.7432890855225,0.112677779344666,0.92628310203706,0.387116188311175,0.0718373524845073,0.563489863101937,-1.64950562591952,1.16057128855492
39103408100,68.88504520201,-0.00613920806994215,0.142982640483526,-0.0573430353960612,0.227888149323126,-0.21537945914534,-1.14361737680385,-0.561339320396623
39103408201,75.8575710066543,0.202351049822713,0.0787204376199654,-0.0798928348034443,0.0161497647106821,-0.478305462132661,-0.321861979461298,0.403330341117829
39103408202,82.5242358070548,0.45696920443305,0.280323010367659,0.446727219247683,0.174212287455313,0.216214253271881,-0.870392143140178,0.511453804604465
39103408301,88.3289840345089,0.422173504106665,0.839063671272326,0.258948093601429,0.149286072634331,0.767331128853381,-0.384178094754741,1.69253133367974
39103408302,87.2651127640503,0.540331031943769,0.482595126017407,0.581816273470366,0.0164020740973735,0.452352077935624,-0.331122208091042,0.341866686295611
39103409001,77.4133823296078,0.633832155121556,0.396581156760189,0.298590239620935,-1.56414402207777,0.932153914769287,-0.982298915702978,1.39532097719189
39103409002,87.5768616443932,0.629869800687988,0.982555089835113,0.714584892289135,-0.0163838954577067,0.889296911876548,-0.88431886396808,0.909405168176873
39103410000,69.1897734465886,0.624717674210161,0.398498472577577,0.0890552375897019,-1.60972249701126,0.391883307471483,-2.22380707552868,0.957987262749458
39103411001,82.8091413251555,0.612900050155933,0.985043146981333,-0.0907992960163921,-0.214345268127626,0.0764710193652035,-0.502340537865796,1.0595694069233
39103411002,78.7947062833411,0.688381129055385,0.678048540314895,-0.287625594173354,0.243463172377373,-0.704805935806261,0.293459183338028,-0.528283758934541
39103412000,93.0985060017282,0.640776520837822,0.63463615551539,0.561657028451236,0.038603885115093,1.30574800935196,0.152812483335599,0.834871866565349
39103413000,91.1521622377596,0.667393667538336,0.71529024231804,0.856607360792902,-0.18132204035517,1.58995898217821,-0.131166615912591,0.607488547096828
39103415100,87.8067995172131,0.561179566498774,1.28216896631539,0.84274880785851,-0.212044479725312,-0.143402922541055,-0.160131714608898,1.74621827041782
39103415200,88.3015321773527,0.448851638255515,1.1700632620583,0.917442382218001,-0.0791011338284976,0.062406642937715,-0.132245338479044,0.864924778190362
39103415300,85.3107900514524,0.208584696260158,1.15062421538352,0.680789260330515,0.627844339034217,-0.057199347804078,-0.641201292460059,0.729486320162701
39103415400,78.2090457410292,0.404577621345639,1.1786183201767,0.581421918971327,0.228490631315536,0.396327454174744,0.0148971823727186,-1.75237179183614
39103415800,85.1214496954739,0.574568768185688,1.38876801126562,0.904953077186357,-0.0287760029901612,-0.144333702414847,-0.557936895024847,0.318916974843764
39103416000,81.3850708441336,0.0624357411691986,1.00225879029777,0.90681238999571,0.446242084917361,0.100049517311714,-0.501432237634587,-0.511000828722899
39103416100,88.9744270543701,0.512590083270121,1.02668238301944,0.569270893570104,0.133282830472161,0.243415469596995,-0.358842395093854,1.136390945886
39103416200,81.2953093730874,0.397071098968339,0.952562446639607,0.301940017788931,-0.00863976703434985,0.289513326276653,-1.10157170475969,0.524336792109289
39103416300,91.1773885629401,0.48515711569721,1.26898272720736,0.780453375757921,0.184638979530789,-0.155573847805507,0.342848606115023,1.06677541965505
39103416400,86.5762569922907,0.436002956626399,1.2282064874372,0.548935601186693,0.36974511393351,0.24923891033959,-0.860425899932599,1.35571574165456
39103417000,91.5646189044411,0.450887067534261,0.998843417329275,0.867476688440926,0.417359700204264,0.241006048698075,0.159991627395737,0.301383225107921
39103417100,92.0074764657541,0.155220689871718,1.1134970009878,0.563515993429376,0.61753750736768,0.374936949831163,0.582825122856643,0.352920446536688
39103417200,87.1816836590641,0.389071587749557,1.44367381089968,0.344668556260819,0.373335207107256,-0.23503377315072,0.189235172359611,0.238259979628482
39103417300,84.8296564937904,0.327587310608177,1.04323465291052,0.615322855968802,0.288455552765662,0.205826825763697,-0.792541804761448,0.577674059354935
39105964100,61.3598372366363,0.554595551526798,-0.483110365208988,-0.343444865395657,-2.45976668657134,-0.27939975808469,-0.586136351463715,0.292886610344939
39105964200,56.4500478797814,0.474507978484929,-1.26493774052407,-0.279470801581652,-1.58386193088131,0.132110031882623,-1.2034889857468,-0.566205246868135
39105964300,50.6291552037862,0.484248056041814,-1.17539224941589,-0.509498580882955,-2.65033153147141,-0.0735108125111826,-1.42264971519304,-0.0652187250853136
39105964400,60.3259208757721,0.348748944600169,-1.06529640448954,-1.44939122251677,0.875359762084137,-0.781149514463291,-0.388775561665347,-0.675934147617745
39105964500,69.9834951704552,0.568387167860597,-0.507648243841029,-0.681550872939133,0.720334594613559,-0.27937921749308,-0.6304265064863,-0.626992023406393
39105964600,66.1979557850001,0.447598719464815,-0.406345158371048,-0.425705447532548,-1.21494700857203,-0.0188414823965259,-0.757945736506444,0.121879256691532
39107967200,70.0475598024989,0.470323119408335,0.213641405035997,0.309405348648102,-2.78844917500397,0.38402614930006,0.36014868543623,-0.436791694705133
39107967300,83.2202685473188,0.531485158265193,0.409696966801175,0.746916151395917,-1.67002934157413,0.846395434872158,0.788046588953252,-0.0538666464278423
39107967400,76.1750045663756,-0.290720658055694,0.181553175811605,-0.0271503820654753,0.100369781108271,-0.354238701450085,1.13671593632957,-0.609986466490652
39107967500,88.1014208045358,0.105776602013959,0.503744138489402,0.423489576728267,-0.0980738675937172,0.287499720043928,1.39123710232682,0.276070093479724
39107967600,77.3655343929907,-0.773023350113431,0.317952817019538,-0.498081381191388,0.165093185944156,-0.294039575525724,1.64161738233889,0.193332979210407
39107967700,89.1363020214023,0.371457371554001,0.260878879019234,0.605099132325574,0.0106242140743304,0.362813639952867,1.31862198566841,-0.00400511694165939
39107967800,80.7765405840377,0.299050819319029,0.00796356244295476,0.190066684109544,-1.20841070477422,0.687797020154951,0.6165563198261,0.455549676106984
39107967900,85.6709590024754,0.639204588169029,0.806451956430314,0.660303873612759,-1.82414221178854,1.06386084282759,1.22048749610103,0.152932318897755
39107968000,84.4596392689222,0.588140322718762,0.926629398157789,0.357188687403257,-1.7401536820251,0.489206341064502,1.2960544328362,0.27976313335138
39109300100,77.5824153984534,-1.18861505188778,0.0635659010391551,0.0742077213068304,-0.314970510133133,0.983018688067205,0.385543230118794,0.175512567979266
39109315001,86.3643340617317,0.224608030794907,0.621588355539648,0.523526649869284,-0.725842896099776,0.260977789812068,1.20927091686637,0.725156614068973
39109315002,72.7390020432294,-0.507114134831255,0.261464244747116,-0.494932420447094,-0.563098143103553,-0.0246682175177619,0.984886739845686,-0.370125899462645
39109315100,65.4139734803255,-1.17668174664864,-0.544965056190758,-0.429935462521947,0.132656787560391,-0.344089880577789,0.728256536393921,-0.857321279893871
39109315300,65.340216023397,-1.8152014532263,-0.213111876668907,-0.241801252865022,0.058760224289205,-0.666053065248632,1.06084023532964,-0.602247152128015
39109320100,86.3530480089378,0.394091377850298,0.410064021364389,0.386541042512248,-0.526985226515843,0.698279593964199,0.299407892019891,0.595154308098694
39109325000,83.966533371448,0.290921759907751,0.557661893772062,-0.223452333278082,-0.0415990677973495,0.0489834631102635,0.62521212801839,0.306949600651665
39109330100,79.7011968391068,0.455819792602759,0.465848745882192,0.541415626388302,-1.92714898749876,1.06378347068479,0.681619010296179,-0.300325249601543
39109340100,84.7303660322601,0.518394415925643,0.659821270445848,1.49683960325096,-1.14182715518519,1.32875878308532,0.24221454992639,-0.0823953679440769
39109345000,87.7414956713297,0.652893080448257,0.585763865603243,1.76274682481743,-0.422218321313155,-0.0465173004240243,0.464771877664801,0.0263002582610033
39109350100,89.3324114071718,0.526666317389973,1.50200901371268,1.97996355521479,-0.65963377988677,1.12417324293463,0.322009784682719,0.0683381428773645
39109355001,87.6399114743107,-0.0174171760279607,0.644779676036949,1.46692442280013,-0.101302201254592,0.432049461186537,0.734980204961528,-0.115520523654043
39109355002,86.9785825062267,-0.198589455636309,0.641541326301557,1.65523480896658,-0.19869899806048,-0.0320198715888668,1.07801406678579,0.501476582204534
39109365000,78.893851743997,0.0416853868212512,0.840294952728066,0.240451032356361,-0.19357003983059,0.23588495997867,0.690227998977266,-0.960161456175604
39109365101,86.8869588378428,0.216504121996128,0.681402906739415,0.171726322548,-0.269650356743329,1.18082307359238,0.530032729123854,0.260052331651936
39109365102,84.3935144883707,0.261546257708531,0.644718770341497,1.27160276326278,-0.486114749470803,-0.188712030709815,0.439150030839379,0.259081197911509
39109365200,73.5851081418638,-0.437014889559916,0.410389428212111,-0.186789767977491,0.124793929424774,-0.617095031496826,1.05820381782792,-0.666225795204301
39109365301,77.36014955428,-0.280039160453291,0.446674035458712,0.438621906507041,-0.0204379570002937,-0.368760899718666,0.0117493207674915,-0.263293306997663
39109365302,86.993457949611,0.257149844368808,1.03811949712028,0.333060757117924,-0.505459189380404,0.0808479040780653,1.23755001874669,0.753757019527401
39109380100,89.8185366187414,0.555941918729325,0.624272605315771,1.74829531781476,-0.712245503088475,1.22944745471684,0.327207164606664,0.615325761931624
39109390100,79.4815208773169,0.527028718376908,0.739160252951244,0.482841509571543,-1.94693431381833,1.46484269616609,-0.0404282751692813,0.0330612443929084
39111966600,81.0769003916833,0.562405635835257,-0.612902588177339,-0.0773179367598925,0.243186567227833,0.64364016667105,-0.242355936808736,0.0485868661477752
39111966700,64.9052576791953,0.617438647580767,-0.579265972936225,-0.0400592163107049,-1.09725078369293,0.225053961632723,-1.86285376917835,0.0368766588510683
39111966800,75.6628728934272,0.613222442329827,-0.406870620074646,-0.152343634826103,0.856987692885913,-0.0635872799748009,-0.742414589780961,-0.377978569202816
39111966900,69.639448380301,0.607822819332756,-0.898846395207666,-0.141539174255485,0.0296876441475271,0.443013436633569,-1.84516196385219,-0.0031507712178365
39113000100,62.3912065434327,-0.642601052660761,-1.76244603034545,0.403132174677636,-0.688704177368324,-0.133428569990578,-0.217036541569175,-0.26476997011077
39113000200,47.7444369874916,-0.579750517812702,-2.05686080008908,-0.993047091837471,-0.879514663387832,-0.290811288596644,-0.0448410033887086,-0.963978552827646
39113000300,42.2470218669376,-1.54965672673725,-2.00859964134032,-0.574224511137416,-0.66015532849184,-1.03236812287571,-0.24413834883057,-0.885319835324387
39113000400,56.6827429233026,-0.649951367632539,-1.7481102488746,-0.13924614003027,-0.794991016659182,-0.712208487323438,0.128127175267881,-0.361260822010179
39113000500,60.0156089407621,-0.83879451498447,-1.47790443484506,0.442821636073769,-0.711170641393719,-0.0168393484150619,0.195597641437816,-1.10715742928314
39113000600,69.1325858130878,-0.162570651070222,-1.21657516631733,0.789642428964919,-0.976047131158504,-0.650039498953679,0.823342339112287,0.186373468104233
39113000700,37.5689010452638,-1.07384884470878,-1.84699100318078,-1.23589870886658,-1.00446869245793,-1.41944921179346,0.438406394409181,-1.49500174443273
39113000801,51.1662749063008,-0.963190032089776,-1.40363668314569,-0.505192647426414,-0.836198423817903,-0.965857115300369,-0.0049691094629355,-0.615994351684746
39113000802,53.2845366074796,-1.54072171597269,-1.3491882683719,-0.331441308375312,-0.84832924200127,-0.705510376733002,0.705118014609569,-0.773419948947588
39113000900,47.5008176221495,-1.11120337145278,-1.22511910929282,0.175103656868999,-0.674335218377096,-1.1979474807966,0.289178438666566,-2.02183613877416
39113001000,37.8385167952313,-1.76732573434725,-1.08552805516131,-0.821336158234532,-0.251998405732679,-0.979503172513554,-1.0694126761843,-1.8451036450016
39113001100,38.2072008969401,-1.8086106319819,-1.50088100794655,-0.754675246384397,-1.06900126106422,-1.5985489530697,0.627954178632417,-1.44380733324043
39113001200,61.3837600177669,-1.82812153952362,-1.42761730280653,-0.271400271962339,-0.0951831879548414,-0.0436179374922648,0.858421041661147,-0.703744891521192
39113001501,53.9315953200978,-3.41372230601331,-1.22241840485319,-0.910349025853029,2.5529143449572,0.164639905659137,0.26095512829944,-1.22860925415314
39113001600,64.4114770442159,-0.425937901120601,-1.29429794489809,0.165504574373186,-0.647683746323852,-0.831113938654219,0.754811297185409,-0.221688719793973
39113001700,35.1000568126384,-2.49938275355119,-1.18180235070079,-0.739116802706099,0.488091390985749,-2.10015748760152,0.452244589198938,-4.3602046462083
39113001800,41.9199289002126,-0.781861336658805,-0.838885714494115,-0.840637646315872,-0.113381659126974,-0.959335748475973,-1.76691115312337,-1.55836443555744
39113001900,48.2870359791745,-1.35777677136922,-0.992420493275777,-0.165640144177915,0.856499732751978,-0.658418173806217,-3.90019419335296,-0.70615281355457
39113002000,56.2947680294232,-1.31468122714624,-0.867077639121793,-0.709308632011454,0.060555766239323,-0.979660371744773,-0.183159898764137,-0.483243234518066
39113002200,34.5745957925673,-1.39537082994872,-1.18698622113315,-1.08844527784174,-0.310790838468714,-0.950756584637844,-2.36223517453615,-1.31647061804673
39113002300,44.6473501402107,-1.0313942242703,-0.847300236103457,-1.07714424172185,-0.457577384710866,-1.81785812725646,1.24386128942829,-1.64685495602237
39113002400,59.9093933699366,-0.774358792382335,-0.493914145116964,-0.578631262265774,-0.832347071913548,-0.350348029716462,0.277942124455219,-0.794555199505858
39113002500,55.9757814409943,-0.315643072004429,-0.584885743404419,0.16713489026475,-1.11208606211476,-1.00082859352099,-0.0996358502772533,-1.04268865553259
39113002600,60.3207278195982,-0.315790140562415,-0.585272417094342,-0.0869733334735242,-0.648164307721113,-0.0169001641934095,-1.17721497635042,-0.590423208049433
39113002700,75.0845104797655,0.152522173103837,-0.722520522842792,0.607748251006683,-0.836306340833114,0.180083870015507,0.725025190324417,-0.425387042470343
39113002800,68.890330167409,0.128693407293584,-0.419474210913717,1.12180208283574,-0.854082274812156,-0.415556096460848,-0.23373560530055,-0.572436769501266
39113002900,76.0870525507457,0.0184011664269924,-0.43688220235072,0.59958485045342,-0.591280810284027,-0.0731628842430602,0.294726352223354,-0.119562636822924
39113003000,60.1278826352747,-0.29327824124107,-0.97651040499146,0.0609354981502283,-0.526185404054145,-0.591490881365777,-0.545307992423692,-0.538167543293103
39113003100,52.6132440490273,0.0246558763206467,-0.748105999606314,0.412110681518579,-0.586208800237484,-0.281068968003315,-0.558021450645045,-4.77545452939294
39113003201,76.8781623723754,0.106303858504383,0.488515542294621,0.538631733443662,-0.184751366832435,0.282317840183624,0.552893941494123,-1.36341426982911
39113003300,58.0627947539039,-0.624340978527,-0.73105737098821,0.211951382022883,-1.01791086946553,-0.600676545239156,1.23811833408857,-1.59064956225811
39113003402,65.3227224960246,0.242318042518131,-0.731925134393226,-0.776050679796932,0.549744357281346,0.477303927017265,1.85282439916822,-3.18828308966897
39113003403,55.8180308462609,0.662955356302662,-0.522095597851782,-5.63793556369961,-0.776924677344844,0.804997845236902,1.48599745359938,-1.86583166211543
39113003404,58.8338144628047,-2.41326657408887,-0.683696304411054,-0.580080024039493,0.716467248928152,-0.367634913831868,0.084625165346324,-0.828961281621135
39113003500,42.5978891603927,-1.2397675310878,-1.59661585518216,-1.4784433527964,0.607614662042517,-1.69244949329706,-0.706474469353243,-0.742586669989166
39113003800,37.8303522351173,-1.56852620399244,-1.90083908848597,-0.619700632074761,-0.852655339978968,-1.4685542360743,-0.748141306396919,-0.648764297502381
39113003900,54.4476286204228,-0.960666714129888,-1.94894307753302,0.19913528440054,-1.09024909870219,-1.26251237818536,0.97906779527672,-0.150985336042523
39113004100,27.3429647865187,-2.26484934419508,-1.74446444383889,-1.65972311102347,-0.882156935309016,-1.21260224260912,-1.10112926594882,-1.23318152337079
39113004200,35.0752598960735,-1.42179925375249,-1.74209577226769,-1.88507682057738,-0.688083324288694,-0.465949946075269,-1.51272460766661,-0.945494510087525
39113004300,45.0964862926259,-0.80578704550251,-2.10324734691982,-0.699041894389473,-1.00810622021629,-1.21253569862432,0.869825410239048,-0.921238412486911
39113004400,45.0248342632798,-1.05648028805383,-1.90674703497926,-0.623163875539633,-0.638909170496127,-0.344321342354019,-0.434640115942735,-1.28736658421516
39113004600,54.7800776899007,-0.36437129437739,-1.44324822465499,-0.425529630907786,-0.58683185784758,-0.330131008738052,1.07537824627497,-1.86727085727051
39113010100,96.835628207546,0.692823085166873,1.94881420403451,1.46323513726084,-0.231412347145187,0.428461918043122,0.8825549872147,1.83264441981321
39113010200,93.4891162510232,0.692823085166873,1.47482642201506,1.6965180226504,-0.637513210628212,0.560791288324768,1.01378304462412,0.39503520018689
39113020100,85.73918732333,0.691911741405457,0.418671577954524,1.66417770099077,-0.27209691316163,-0.349514858128626,0.890508071420145,-0.414908552389393
39113020200,89.2556772502499,0.67586374216087,-0.382244553495307,0.962395256528542,-0.0716220914455868,0.482706787179877,0.466690129395916,0.341750873871164
39113020300,84.2634191345324,0.692823085166873,0.641642029005772,1.95451146249531,-0.911708869605081,1.01619914355128,-0.348160225545651,-0.142658179228245
39113020400,84.5568715019186,0.517564375433008,0.505027711268551,1.68553883199708,-0.659166740921923,0.337432736769258,0.559690025914823,-0.473300721920556
39113020500,93.7092934146092,0.692823085166873,0.282772901798161,1.26828723613767,0.464969794306786,0.820583077195306,0.362403008767048,-0.133253442736752
39113020601,93.1839875063371,0.692823085166873,0.761529563929399,1.7750962724284,-0.642094378029753,0.660023650155662,0.976495932771842,0.540101006368142
39113020602,92.7715690683947,0.689760245612508,1.42131189320872,1.79567003238145,-0.68687159799415,0.652506791442849,0.777770958782276,0.507752990106425
39113020700,95.1469812185124,0.691562259855333,0.83584443233256,1.39910413441411,-0.213195154960363,0.604505626861496,1.31056107462333,0.390703237785376
39113020800,89.6203985957569,0.692823085166873,0.0725373463664871,1.60280977115205,-0.275434268289983,0.655741392597657,-0.0802064072467673,0.607397086335858
39113020900,80.236602758523,0.692823085166873,0.379033714980004,1.97673830406503,-1.01823785950881,0.354805158581359,-0.318604188694416,-0.440060948183948
39113021000,91.2879668363696,0.692823085166873,0.158677017859757,1.13817241105815,0.0461768190629368,0.23539224799285,0.139181075910501,0.554351422782813
39113021100,80.1885634298799,0.689591009714715,-0.190822310981065,0.71890433606102,-0.582522138568952,-0.16603783794037,0.493476859713661,-0.502514491803212
39113021200,82.5738991011566,0.692823085166873,0.275524538027658,0.930087887571527,0.746128878298227,0.551162122246514,-0.259031015216727,-1.34786462361554
39113021301,72.8961614964348,0.665159421674173,0.0620395000010424,1.16478940945225,-0.882691544882286,-0.263332154828977,0.00136987987748078,-1.10292861266717
39113021302,81.0406426761165,0.692823085166873,0.331466603962235,0.952356763338012,-1.05907861475916,-0.103425120349259,-0.0486130689671465,-0.0157627388201254
39113021400,84.9750270728735,0.688804083692271,0.351872188358898,1.19089340674291,-0.844943374080451,0.363733978828542,0.362810082294027,-0.261796112286662
39113021501,90.1530863284531,0.692823085166873,0.105054000570454,0.893926118287053,0.015448465952337,-0.0954169152691217,0.577305830586064,0.350944828257303
39113021502,80.0151330412642,0.692823085166873,0.174068547113218,1.24722323736241,-0.163686553337924,-0.551872724308017,0.644494077163175,-0.963754843122524
39113021601,88.5723895523076,0.692823085166873,0.475697559755207,1.11325893325052,-0.743712579486528,0.360801214557786,0.754924834000206,-0.0241702334403556
39113021602,90.0964108828051,0.689795139724482,0.782826425791388,1.33906719793242,-0.729289377673249,0.268411602729979,0.633623007125987,0.49443820872499
39113021700,91.3601031349493,0.691778298721317,0.392345101657195,1.3209774367065,-0.552066471442619,0.659862926009691,0.658832721712066,0.378926726355075
39113021800,86.1528844074716,0.692823085166873,0.763835934279607,-0.0380868256402343,0.022621889990106,-0.0190287745095592,0.148113830752069,0.0346318494025935
39113021900,85.0052693995489,0.692823085166873,0.392918200661021,1.35335755060132,-0.930083952536423,0.397132820643711,0.174855195474247,-0.1397589782928
39113030100,67.1638185029069,-2.54986510997319,-1.04266847973251,0.465548784629577,1.12082738628607,-0.839767197854683,1.38555643684622,-0.0878946645011967
39113030200,67.313012857277,-0.0849896947504278,-1.20641186040528,1.09791805799614,-1.08078456607544,-0.623895839765861,-0.0649247570148257,0.545693748996196
39113040101,90.0828175026786,0.371137704554876,1.07633718935036,1.38942732713956,-0.83529627440039,0.944121720120761,0.704807984952619,1.21448445828895
39113040102,90.3267184753614,0.526893781632968,1.71910984479887,1.69935973822941,-0.83911066761392,0.210336282819584,0.667267894635951,2.68321354409551
39113040103,87.8631179075206,0.519580070520428,0.937470021848104,1.74850189339479,-0.682080385641695,0.542179076738082,-0.191158839868665,2.32501269297392
39113040201,89.3532725707467,0.60524425508863,0.961890792173866,1.85477968700917,-1.06752812950777,0.681916915043845,0.428336951755547,1.04722320186581
39113040203,93.6471384591609,0.684921918950066,1.19492797849687,1.11312589297725,-0.607151424131641,0.765510358159288,0.855081077524835,0.864872479625647
39113040204,94.0055422589169,0.692333626087109,0.967298057081712,1.20511306357867,-0.181198044264573,0.73224081190668,1.0500951932135,-0.0505423261917529
39113040302,91.2864954292264,0.676540113816744,1.64802840363279,0.551664080486408,0.0345929671960282,0.213945827203259,0.00831187858595052,0.562167319122339
39113040303,88.7986919914493,0.682282647166618,1.10272732423533,0.989436374819468,-0.722805494898005,0.429981383318094,-0.0875236990001435,1.19338953421387
39113040305,87.590492862334,0.617787849221877,1.3261831728691,0.660014102661099,-0.970793207981869,0.55159105140143,0.028249223764366,1.88925602325236
39113040306,82.1856033777947,0.520240442528613,1.91205384659341,0.495818787356703,-0.701671374289923,0.0855129958872802,-0.672839936350515,1.4398112314991
39113040401,90.8178446680048,0.358330277394498,0.999119581477265,1.3785366491984,-0.463749696033896,0.838457120949989,0.51240718407477,0.765367216583726
39113040403,94.1524808280147,0.569284510112694,0.888298763755791,1.37100133366595,-0.226212944543945,0.594584016045988,0.813881864310043,0.804983906295643
39113040405,88.1746148147,0.335327570340869,0.716057985790617,1.11239901011636,-0.348835383022158,0.504786397399197,0.879996378479085,-0.158480350887798
39113040406,92.6288850070473,0.638141545839492,1.25972122652903,0.943929643013416,-0.283764565617706,-0.0780900076209025,0.854996953223422,3.46543552034936
39113050101,80.0205657766299,0.372479140027163,0.297765419771113,1.05875313467933,-0.957496127570759,-0.406873256485506,0.351450336643588,0.415258213864549
39113050103,82.965188917636,-0.323729184163886,1.23814630620215,0.576514359773295,-0.498549018648427,-0.00554226236452048,0.542000737090983,0.308133556006973
39113050104,87.7250622635024,0.45304237784485,1.07108473919488,1.08243516256859,-0.961678075937772,0.762063873199606,0.21069246208222,1.12867524647424
39113050105,83.7445533048162,0.240162556507079,1.02322305099626,1.60686558469331,-1.04137486821773,-0.166476384498743,0.624123176626996,0.705691577282516
39113050301,79.8144575840903,0.659620712978778,-0.771695760363418,0.987954550139182,-0.36504063059755,-0.224038659490189,-0.123493260505403,0.414510667378377
39113050302,85.3372763237692,0.670103327350761,0.11110798390591,1.36877994750486,-0.96483547751867,-0.157414763132239,0.635560279729844,0.964077844434244
39113050303,83.2744538633939,0.691585985476489,0.598234629394201,1.00613451501911,-0.37455268966434,-0.398233977276454,0.173394435865209,-0.305787015971509
39113050401,85.9072395553694,0.45056782100452,0.715585953363389,1.46407340359713,-0.979636596653437,-0.0120791455011368,0.813912133748163,0.578417504740745
39113050402,75.2903295197662,0.180482053036609,0.0586755134448582,0.93563012336406,-0.314550477094193,-0.0689570960413989,-0.787218125556959,-0.13178622038478
39113050502,75.3827341115014,0.136265297513524,-0.0227365931245441,0.633300495008476,-0.411443309049922,-0.654770840858144,-0.249370974068941,0.465587782684085
39113050503,86.3896245089494,0.388716632827076,0.196790173778833,1.0247434814864,-0.435333191157523,0.282682829883863,0.400619689722504,0.32846982067782
39113050504,81.3304443393117,0.438928223929877,0.344235083503695,0.829634939166601,-0.908627226888623,-0.163449758593808,0.557479874197772,-0.0192570790744729
39113050600,77.3722396610049,0.330240411835663,0.361897728370713,0.987159490638556,-1.08175234182798,-0.421457393296095,0.236128162003478,0.049855657872868
39113060100,77.3385351375234,0.387999693751862,-1.12576539993168,1.78759773433315,-0.965296876122334,3.87334991184066,-0.248016738773937,0.715720249120655
39113060200,51.603627139044,-1.94143112200673,-1.50291315480148,0.488623762676741,-0.535002434589621,-1.23014094959096,-0.828530932714865,0.239067055302717
39113060300,57.9358458132131,0.0126043464809271,-1.86925078448308,0.0326211350933604,-0.836395602446661,-0.532988036634951,0.0817662787572634,-0.666879907663885
39113070101,57.2383248428203,-0.101683033313921,-1.54738916992242,1.28805586670427,-0.876188232495272,-1.09246012166045,-0.299217323397687,-0.696177209112001
39113070102,69.0843017296926,-0.370267929150684,-0.456429902409435,0.540050268340558,-0.271396351433808,-0.753607866693243,-0.124109169447161,-0.281831302392904
39113070201,21.9017190981535,-2.02586095992904,-2.13855796728182,-1.64100526133286,-1.46368824679077,-2.11955921673942,-1.16229934723773,-0.553070689074775
39113070202,46.3697223947124,-0.904659917101828,-1.82216874533435,-1.87873131681197,-0.907745970208754,-1.30130160305601,0.416538954799788,0.0723129321578863
39113070300,37.567427712674,-0.877808831899185,-2.04373816369315,-0.26116109049336,-0.851222462973878,-1.45364969630345,-1.09449359498244,-0.91713880160993
39113070400,66.7553869231455,0.107213614902995,-1.43065830696807,0.231663696649729,-0.520154867222666,-0.771490338214652,-0.0979524958985793,0.57012452175542
39113070500,63.0618802515996,0.078406072327,-1.50030721254277,0.966027423705568,-0.773470993867773,-0.587756356492419,0.24826355307945,-0.859647434858714
39113070600,74.6416917585771,-0.29801301732092,-1.02221261825732,1.14433797243846,-0.557648919960531,0.217288996788347,0.689653608039006,-0.350619566623015
39113070700,62.9196382481977,-0.277542128494411,-1.3083590040823,0.412459745638549,-0.291273712526281,-1.29968117880227,0.0654909871595728,-0.196269690246804
39113080100,61.9207877689077,-0.767429624150264,-1.56647914169074,0.70270819034544,-0.0069950254658967,-0.62700747190256,0.304317825110116,-1.05928242824789
39113080200,72.4013334999112,-0.13096171971106,-0.928623463776878,0.428488779119381,-0.442454848095948,-0.0896435325395798,-0.228784993993067,0.342770759115934
39113080300,66.270573853613,-1.20674880465893,-1.24162664332302,0.440999725451465,-0.655268571176602,-0.189652853862935,-0.0123814370260409,0.377633454493464
39113080400,56.0535812889044,-1.18439070019399,-1.62678704115275,0.0274690781033705,-0.129738013268818,-0.38316147522964,-0.290504558274556,-0.887614124960236
39113080500,52.2939715742244,-1.74843755892761,-0.803901344564131,-0.616071650480629,-0.27559132358944,-1.14056846793577,0.543607636644638,-1.02310946241949
39113080600,60.6113675764462,-1.87492945156127,-0.60273364428757,0.635899035242911,-0.446778083245887,-1.75524888706502,1.44729123153669,-0.234263173268238
39113080700,73.4739745122229,-0.505400362207913,-0.24647039392341,0.102018318006775,0.0985022463665934,-0.63272013916336,1.05814447864631,-0.45491487273172
39113090302,76.2365015525079,0.26473254683173,-0.17872547308125,-0.0374592709759227,-0.429562220292188,-0.465171543532335,0.839844215892472,-0.0531128509326526
39113090303,78.6743177432106,0.428409010545565,0.624108199050925,1.51248090652323,-0.797939394634133,-0.285807540998505,-0.432884737039931,0.270426694333012
39113090304,67.3016277468028,0.490443367061664,0.370535404599594,0.778777034220316,-0.645653502799329,0.0985993730137925,-2.24197635646177,-0.676870661888357
39113090600,62.831524230362,0.272747706297274,-0.686869579590991,1.00695399674794,-0.569691666276953,-0.463545056706798,-1.14696091431632,-0.788659196264107
39113090700,87.8635625877672,0.20613386261753,0.0869745405696814,0.84495561093769,0.0290019520651822,0.0452882983184643,0.889881922227782,0.477983343470686
39113090800,80.2194625760131,0.501097565659009,-0.103186761482531,1.08855155921226,-0.922432755569988,-0.0782617059897394,1.23573532922644,-0.395226279734654
39113090900,85.7436071554287,0.572626624947307,-0.204056417705551,1.06259452405309,-0.743391982144199,0.102745380209884,1.12234453154799,0.494904234644901
39113091000,75.4155244069999,0.231758648255498,-0.362784415850467,0.743978501557572,-0.461439192825697,-0.0592258130243705,-0.432117986493166,0.00739355527454234
39113091100,78.4272359316596,0.684112052505777,0.555686675909908,1.21421594246355,-0.858167753100923,-1.23865044224833,1.76636011051418,-0.253548114939661
39113100101,71.2054450005038,-0.113368591206259,0.0557708633042035,0.491784279338226,-0.359145116883069,0.0148030334822139,0.616523536742085,-1.54385485890785
39113100102,85.9229113438013,0.320033483607571,0.38731996135307,0.614312421791617,0.00495576699788689,-0.264507024930455,0.219256513630107,1.03982817517961
39113100201,76.9008046087285,-0.0805808866518282,0.0591272412479667,0.199690466065373,-0.00899021083230825,-0.10432307962388,-0.0428603361161788,-0.283366139704969
39113100202,77.3838319665395,0.0579263512199697,0.0621355050719027,1.00385614136295,-0.62406717787933,-0.415827588809161,-0.107031759162401,0.555966352999095
39113100203,82.6186779941328,0.00572707410702181,0.328601467364216,1.07692704695176,-0.463506889310772,-0.131244541256813,0.848010477264695,-0.0272678469361592
39113100301,82.5200874331315,-0.338443659303935,0.201687725706911,0.596633838386287,-0.140331405464541,-0.33454677662189,0.687630794351504,0.896780413492204
39113100302,83.1185799245154,0.0597817117585763,0.232302863241582,0.781492896889833,-0.681812060603609,-0.0872398011311223,0.699280109152593,0.870325650346201
39113100400,75.7349359334739,-0.952077171674532,0.322328415137332,0.431548441948378,-0.200959501292962,-0.989867396826023,1.32732671283751,0.414803447402262
39113110100,90.3287260871468,0.134113112247724,1.23426501985886,0.390155861177027,-0.33527701326196,2.95657115255104,0.608129961801341,2.0457148267547
39113110201,88.8467101908888,0.406628366857859,0.633210241856261,1.51240664283726,-0.723473185501908,0.34246053579522,0.714686002045711,1.02148052664661
39113110202,73.5845362431108,-2.343628432266,0.658358694259162,0.279613026658839,-0.00987386887572083,-0.243556577068791,0.345344365134024,0.215783633119023
39113115002,89.1053128624078,0.687980461719312,0.836960284473693,0.605135251669782,-0.390708328743136,-0.111164418253211,0.689554981714629,0.379736989766644
39113115011,90.2588424208638,0.688290650587248,0.681506919728346,0.538173384889124,0.21402551936602,-0.231984901390872,1.16300850100292,-0.0921934768433042
39113115012,88.5071648436846,0.675622360017742,0.979727621524273,1.54547411770184,-0.893160588874906,0.473306691285666,0.217459885226889,0.493627511716907
39113120101,88.1985350777371,0.651955616692477,1.12214617258579,1.59610410366271,-0.47547052622637,-0.0343932109465093,0.0262275640688425,0.668573963234084
39113120102,86.3953725789049,0.407081486234943,0.567140385044502,0.918872393822999,-0.666242264561084,0.485476377638492,0.231960768479787,0.453184202369366
39113120103,85.7735861243779,0.691018563860199,0.226451002156779,0.999252629693754,-0.412382633674645,-0.298641067525069,0.448496563215784,0.151750144098502
39113125000,81.820086271285,0.543469188833895,0.808889380802527,0.21535136497729,-0.623935673700349,0.0782229037572066,-0.247892538958998,0.392884820431071
39113125101,83.2467365243783,0.457942162105833,0.417078653685512,0.217320702653992,-0.525565272695799,0.489480777587744,0.13082232067823,0.0511147599203083
39113125102,80.93825403195,0.128980763583407,0.191726805069367,0.0338996214346155,-0.48275598765177,0.147620313207314,0.54774655741574,0.258489109827335
39113130101,85.3881558129539,0.319452570619168,0.626673996782304,1.6387595786385,-0.956314488305605,0.844417172817116,0.117825971606342,0.590381380049864
39113130102,85.854635694001,0.616574473940922,0.625530578923199,1.63417566088701,-0.39565213265826,0.0377697695387011,-0.309631658262981,0.523857497333094
39113140100,77.0523745428998,0.352413674566504,0.207429930373797,1.46043411621185,-1.10269527409396,0.817601006353633,0.347253819104508,-0.918001911604031
39113150100,79.3370808148769,0.343175344216255,0.342598692157275,1.99826119552682,-0.819846612146077,0.500963960835134,-0.70787268202574,0.246957570390471
39113160100,82.5473339829671,0.556003527793782,0.609811490932528,2.05039253293015,-1.228760187499,0.496694396841838,-0.506896583891041,0.999695836835633
39113165000,84.8280817566908,0.248913206593288,0.862415090167043,2.04327865451715,-0.728712906078495,2.38763048128822,-0.131901763075063,0.202888537030067
39113165100,43.0677090225593,-2.80026855218066,-0.772693867762305,-0.824848494114706,-0.245005405454717,-1.14012681001979,-0.0591577220900005,-1.43223666372557
39113165200,64.6796117960505,-0.660530737220237,-1.20069556018133,0.105823746454501,0.391902591581106,-0.33481775510345,-0.921246107420715,-0.112985479553812
39115968800,72.673788034018,0.615232980305724,-0.327476278542713,-0.434663756056007,-0.0886639736422114,0.325070543963703,-1.20123963257946,-0.0056395027941148
39115968900,76.1744834401389,0.39902797923453,0.0644420771191619,-0.346594652669567,0.626356547787579,0.184696003632181,-0.622226547977009,-0.440008729914884
39115969000,58.672320399807,0.493153860542493,-0.835998969055231,0.143311288183935,0.160886283517002,0.395691846755563,-4.94835077431039,-1.15334502926254
39115969100,69.1623187394724,0.421967477743624,-0.409292463349633,-0.706637110933885,0.0916958875866484,-0.225451171847484,-1.19203391578864,0.417178227405799
39117965000,78.5830635873532,0.673083235074811,-0.0302257286617766,0.375985355302413,-1.29800474751818,0.62936202519362,-0.519606137392009,0.522139461479094
39117965100,75.5780431558609,0.675416409993523,-0.201974803285933,0.531264236140008,-1.84285668306,0.465176726182145,-0.453291465599356,0.247407141724155
39117965200,74.0967608027395,0.664208170884812,0.133579305893478,-0.0282222411686042,-0.0271692348963984,0.188717480851908,-0.317329901620943,-1.2247221758267
39117965300,67.3806957228533,0.548251164116773,0.184014974182233,0.0662771851411839,-2.16537228620143,-0.0761450166783507,-0.661063054020271,-0.118330263190222
39117965400,73.5572242191607,0.675178022028632,0.473267829852943,0.598079073633645,-1.75337593743537,0.368944842885542,-1.34029019600293,0.210081592051188
39117965500,68.0630113810361,0.671082956794232,0.74670033062215,0.0904813679493796,-2.88210740088476,0.151049155995055,-0.84082795407828,0.646260052818671
39119911000,77.6839329121095,0.686352298843688,-0.569093346712448,-0.0576953092060387,-0.131569759382965,-0.0306116338286438,-0.145651628919363,-0.105506843013895
39119911100,81.6334292989809,0.684655181412521,0.472888971923765,0.106831304997399,0.238974361242762,-0.520022641692421,-0.0869578773092523,-0.205332367266165
39119911200,85.5177716473631,0.632393495495077,0.483743421401831,0.287893389762413,-0.00306471944014581,0.0141496184682333,-0.115064254583207,0.183804527195044
39119911300,87.7171572637815,0.684237543835166,-0.260108720618478,0.462918667519947,-0.1031116286848,1.17078096982219,-0.101722567698796,0.669192400336046
39119911400,47.6100250639034,-0.655959556447451,-0.355359128332566,-0.972639261148659,0.385578537264675,-2.28939448950792,-0.244609628871664,-1.3901302006013
39119911500,73.4471421716028,0.025212792260971,0.162888354171404,-0.397878394283567,0.420877853075271,-0.600321264452892,-0.179581492463389,-0.161459935799195
39119911600,85.6688328380108,0.0614635517315442,0.289361451823706,0.0802378351463606,-0.01339823511087,0.149540400970301,0.978436130345467,0.519059601351668
39119911700,75.8631456238181,-0.0512432279089063,-0.0636015755088902,-0.896210382695101,0.420786330068369,-0.498230494166588,1.10220454366423,0.0433666371247857
39119911800,64.4232431079387,-0.780112186444284,-0.00257559774759185,-0.489000389843902,0.694936848659498,-0.877256806189911,0.450214497364004,-1.16149943600644
39119911900,78.3129377280019,-0.566884108612722,-0.612099047566581,-0.253730014120951,0.808582121958634,0.283223437066845,0.677632273645505,-0.105948663809892
39119912000,74.5652833949682,-0.324056796459126,-0.425200226666587,-0.887851773065966,0.516421066230598,0.413453260420831,0.0327600241635066,-0.0788289242027604
39119912100,32.2750542863465,-1.17637650041649,-0.683127291135338,-2.1801795047124,0.42019174545643,-2.30949209278024,-0.159681417798194,-3.95972441527859
39119912200,56.298425797237,-0.188800852034968,-0.24655723404379,-0.328441711864204,0.0734131652963047,-1.50338477577878,-0.947782001585914,-0.717641647749591
39119912300,69.5525460976689,0.42591520541657,-0.410643180804651,-0.0719821611776262,0.73109831303222,-1.11566739311297,-0.229540407425565,-0.618232141285955
39119912400,70.9630007791814,0.680845697287403,-0.351772038943924,-0.348478217235395,0.172204948739892,-1.42238105919922,-0.128225056081338,0.00966837522247944
39119912500,59.4669350494785,0.606099618259045,-0.167122861098413,-0.282058080350073,-0.0260629564554623,-0.126241275848709,-2.07864620170006,-1.41343991961061
39119912600,57.523365424298,0.685085143468567,0.228566121454845,0.0231524342005586,-2.77391326875763,-0.580838182464672,-1.19278645566685,-0.357386344078729
39119912700,78.7284228626343,0.686523874586959,0.112156856272142,-0.0319338671146273,-0.814553300483629,1.17513867428249,0.854246475677409,-0.936311516057712
39119912800,86.9678498369051,0.640238830163344,-0.108736359093449,-0.0842186566288644,0.287529308792446,0.18401840872369,0.697507400375195,0.165403975872558
39121968300,68.3946378742841,0.664394006235323,-0.47277023776088,0.0753679984156037,-1.92886943544284,0.274072445120805,-0.844305377511626,0.1786754196839
39121968400,76.5428635612938,0.639676708642403,-0.287010135723819,0.0564207488740157,0.885256487659935,0.325228042363922,-0.317155597416642,-1.16310509207506
39121968500,77.2765458244981,0.656214126979751,-0.635198831672966,-0.125946794648714,0.0151445491197972,0.157496390500947,-0.609870704443242,0.288956461431444
39123050100,87.6735060326616,0.657213146483986,0.99275672772667,0.372276696253323,-1.79443135446582,1.00776153416546,2.44591873097994,1.70432993845834
39123050201,91.2120160906342,0.692823085166873,0.974562356282099,0.213772411013597,0.13375304719769,0.218785843127063,0.151344602681999,0.596146226368312
39123050202,90.0382840322328,0.692823085166873,0.895900372655572,0.0435454906724891,0.484867943159262,0.237730454350928,-0.325324163916407,1.46246793809924
39123050301,86.4908437162999,0.690953457750662,0.119482433217271,0.00471306127879571,0.0681022545697069,1.3031471572489,0.343553718065468,-0.374871350339794
39123050302,91.6394638050887,0.459317493226772,0.600769005995725,0.107911289919812,0.60038270422161,1.24736525105793,0.154317400276325,0.799680964722831
39123050500,82.2090440562394,-0.282342620182645,0.463319805561331,-0.145076510934598,0.84509562885131,-0.369207515040963,0.530665608031817,0.441527204993011
39123050600,77.1135779562097,0.252917977542105,-0.354107157938054,-0.224153459409815,0.0728499515028273,-0.256858501940524,0.857134586256411,-0.345369272900999
39123050700,84.0043175530778,0.056021576440773,0.737005290308607,0.103132448933939,-0.265333669573763,0.0850283385868434,0.570488317334112,0.425197241630816
39123050800,86.8407580361414,0.504311091989173,0.493186058297738,0.191631736878261,-0.453769631333145,0.381995932148537,0.596864774939194,0.378036739399282
39123050900,84.9955452148374,0.689633869722167,0.856952171863991,0.399462763731737,-0.488984755075454,0.618873221629892,-0.225098966514622,-0.132273867916043
39123051000,87.6787193446566,0.64383370041382,0.772655339551856,0.363160126249752,-0.269805695220944,0.219666478756737,0.640784572803356,-0.163698219218656
39123051100,88.5814687339104,0.692823085166873,0.435726502791396,0.581970207723552,-0.467745899586911,1.25722969947654,-0.0553839112415152,0.284694047107815
39123051200,77.7834249997906,0.505608135830659,0.407883519514019,0.0277128475161043,0.0028562885319213,-1.5828484812123,0.684610997291779,0.659061528193651
39125960100,78.8259783580181,0.438015976219871,-0.00669169489204679,-0.27086263855441,-0.660038473067882,0.824595822199854,-0.00420820599929123,0.20839340811274
39125960200,75.039915354867,0.582072513283944,0.220305539668759,0.267682347165427,-2.2839921743534,0.588503740476286,0.0726169504705433,-0.0769358819705916
39125960300,76.2186467118907,0.457138402767297,0.420513260103249,0.277762597320919,-2.27232229987058,0.63438995268627,0.425457576096029,-0.110972822898134
39125960400,82.7701670332582,0.580277158694535,0.329274891571694,-0.135236415846708,-0.0223579411959844,-0.29336866264485,0.5572238050915,-0.00177758912461408
39125960500,70.9256883497888,0.448274996605957,0.135363766043576,0.0469284540045578,-2.57171857428751,0.131496585847108,0.276954795768364,0.256826921605813
39127965800,64.4199984329979,0.547662252516253,-0.0538496225563867,-0.0259115088779915,-2.38723898800145,0.246917601750586,-1.28393570610355,0.283908950360577
39127965900,65.720096152394,0.510638232884084,-0.219729896269052,-0.0821527837369162,-1.50981074429269,0.0213960741598583,-1.20017904539685,-0.00903558927544012
39127966000,61.7049374722334,0.480885414546201,-0.468802678229466,-0.890623040770726,0.264668128835927,-0.496172134011208,-1.15173452496299,-0.817404013450383
39127966100,64.8649479498293,0.573438301712229,-0.90568472522636,-0.478112246593563,0.208510020338819,0.103499835154238,-2.37277155833529,-0.0330283211564255
39127966200,61.5585608057841,-0.135864263075177,-0.575436462771176,-0.46538470989761,0.868119922192,-0.680887407653241,-0.739232882505045,-0.883739349934879
39127966300,68.2620194226983,0.507861444589206,-0.690512124766241,-0.586576436615303,0.0660597330352255,0.206068348417432,-1.12801235745322,-0.375415517979609
39129020100,54.5308095095256,-1.51154633660095,-0.309941618631755,-0.373733172309898,0.922724372533684,-1.40180508645493,-0.824393602967357,-0.746201283091359
39129020200,62.04150053453,-0.681247096557891,-0.487949021598039,-0.238708504744282,0.00977993576859416,-1.66932625665696,-0.0779013482586982,0.0631325336849826
39129020310,78.2717138850373,0.0151265763096713,0.152783646704072,0.187725626791717,0.0595866104682096,-0.0813485317368443,-0.0726456717449077,-0.245957564329142
39129020320,82.2296899389124,0.106362566693608,0.424240744267888,0.745769890851878,-0.0346728573566026,-0.0983736535357232,-0.429675868106274,0.771038420106896
39129020400,60.3089608029777,-1.57211030804557,-0.387074716803109,-0.426792655979416,0.341792013171156,-0.821662061885477,0.396683137440833,-1.05191389711904
39129021100,83.9248092801916,0.401510377162423,0.595761940745611,0.750419543536874,-0.496956923367064,0.39711840597734,-0.107433274104254,0.0402623892008401
39129021200,86.8617475693838,0.227550543401771,0.661413625056971,1.22479947166787,0.191943597188684,0.492042248491439,-0.290552566054728,0.0850354989894979
39129021300,66.2197773095996,0.692823085166873,-1.56911706247184,1.4855365318019,-0.933739877626408,-1.7640347872414,4.13725822570604,-0.276090556814023
39129021401,76.089084008278,0.217714929626866,0.0548447617526881,0.744482793105189,-0.576860797166601,-0.0569955222042233,-0.765941429866219,0.553674321678423
39129021402,87.1293766071742,0.390045833488494,0.22168805847983,1.80686647462234,-0.287843449998382,0.79480960268943,-0.190449314755825,0.797480430296171
39129021500,76.9481857635787,0.383066595471346,-0.126791014445346,0.74544401605344,-0.34164802757658,0.0646437090558146,-1.06657550406808,0.638343806989638
39129021600,74.48254655479,0.147872891657608,-0.446621250780384,0.160171021811199,-0.462808164691672,0.13581426677459,-0.655988454272618,1.04016735203788
39129021700,71.8170515298429,0.325529098432138,0.133093410882415,0.281440488805062,-1.54686295926072,0.161976509636791,-0.811784423917228,0.487529049014001
39131952200,61.9637086116995,0.385924146604615,-1.23210315725429,-0.55646092260498,-1.27525162017299,-0.122124027592653,-0.322848539772305,-0.0935255877111755
39131952300,77.2243075050346,0.480621093192956,-0.573844086354966,-0.440664214701699,0.182545117368631,0.1645889818158,0.144903216548364,-0.302395765295749
39131952400,73.1157075502889,0.399470738342927,-0.806306641866809,-0.0458142628160517,0.510502081265159,0.373188483005037,-0.295631553257034,-0.890858534964714
39131952500,73.3293214287773,0.296862220435181,-0.674157279492453,-0.100633154249557,0.585766081104317,-0.481646928214263,-0.552527714726534,0.27974638769342
39131952600,57.8147937743038,0.40954768821532,-0.821107255997837,-0.500174045696443,-0.102447955662709,-0.0899871985293541,-1.18497553241883,-1.3589430567027
39131952700,48.4979201584301,0.351257483121791,-0.995202060516413,0.243924803742213,-2.4574408172609,-0.983452187481726,-1.97846970618748,0.207954263169304
39133600102,91.1282472525826,0.685719435469389,0.770543779934184,0.032955044448438,0.32260513376591,0.243260735870303,0.434145853166598,0.361647833007274
39133600103,83.4883336757554,0.646270573745859,0.158281504932836,0.664411300484649,0.69804285274983,0.634868561493444,-1.37690031160537,0.101298800902452
39133600200,92.1978921819529,0.690235966127784,-0.132970308888112,0.488507680036083,0.458100144944334,1.39003524121791,0.0930750288166142,0.741372290624084
39133600301,87.759839008585,0.51405375658391,0.554389757054915,0.4183894705685,0.464317482927326,0.241275580609526,-0.594797789651527,1.47191918183164
39133600302,89.4526505017583,0.462123469609618,0.56660059739898,0.0765986855160182,0.589217706582212,0.42055416687408,-0.158416542614746,3.5588960204122
39133600401,74.2646833765735,0.137334657789369,-0.0974912469574224,0.0548607000533468,0.245938490482344,-1.13963185426647,-0.109093354407076,0.476479817447625
39133600402,86.1178331639855,0.282798825778136,0.91658135938501,1.34636857114488,-0.153238395521846,-0.187740370272014,0.141064833564544,0.431507353632104
39133600403,85.8943545767978,0.31545252298349,0.773792923187465,-0.0165395963251302,-0.287479715593633,0.957371202426526,0.104526416854825,0.834834892425577
39133600500,89.5392220434668,0.691002230987493,-0.12175138193551,0.551466305724853,0.144244781670061,0.482987275716017,-0.072120411158226,0.795734413415281
39133600602,77.6384743666791,0.691001261605628,-0.701945121794159,0.199577202235092,-0.737716013857166,1.13220184606115,-0.687605469382717,0.81476538195082
39133600603,77.8021585291442,0.513337441548272,-0.331197007218946,-0.249593316047107,0.335851173173028,0.0953171406344704,-0.711042349509103,0.393321504312812
39133600703,72.4349445127552,0.687032729786123,-0.606922351007733,-0.444923964094024,0.0212104240497639,-0.80991067538896,-0.398830525147345,0.501105523958139
39133600704,79.077981621283,0.679359308933052,-0.0453034009493468,0.598752967336476,-0.491546148285153,0.301842337720418,-1.22365774059398,0.792036379154148
39133600705,86.7527162336465,0.692823085166873,-0.178321719194395,0.391854308937979,0.106231422037174,1.06576407681695,-0.618727832820369,0.914681365275816
39133600706,80.4410279778437,0.673540147158443,-0.18027662561834,0.443949917876729,-0.108789359721392,0.161961558226037,-1.09200875032817,0.910930028754334
39133600800,79.7100975188873,0.688361393652332,-0.0879547446147824,-0.170851196441165,0.700582861139191,0.120935344669272,-0.47897597361795,-0.422193238799741
39133600901,67.3277979008512,0.68757071127516,-1.1937524335534,-0.810944361515879,0.0712048862533136,-0.710490819066003,0.285433060580848,-0.572731550894245
39133600902,79.2574267309145,0.692823085166873,-0.209806857881099,-0.460817276246141,0.617253702501577,-0.31272295765781,-0.125925318595885,-0.10352231392467
39133601000,82.3575408408718,0.688560303540754,-0.196854055853779,-0.704467765143729,0.930707889345721,-0.00537575017829805,-0.0589532826991214,0.417406636413881
39133601100,81.8665429018318,0.688235945945127,-0.769973146253133,0.341018167549639,0.12959894415002,0.0836082713323773,-0.138878061624332,0.147005349638298
39133601200,86.3562903073453,0.692823085166873,0.983320640533665,-0.527930814655162,0.105404917758323,0.107404678699395,1.39853505900171,-0.297827233840648
39133601300,77.4524200753494,0.692345928754709,0.766608817644486,-0.581651423866885,-0.0645997696002013,-0.328526276778304,0.0349759344147884,-0.516137724912165
39133601400,81.9026984542098,0.692823085166873,0.482126320743002,-0.31514857923026,1.05864869196306,-0.39660330208491,0.209693870547908,-0.539330123946186
39133601501,87.8092279023851,0.692823085166873,0.940580006401237,-0.174445549888271,0.87564153300844,-0.324377522506861,0.0407721819038919,0.63587919421945
39133601502,68.1957221870124,0.692823085166873,0.99626882397107,-2.56013973564668,0.475139592971902,1.14793097830879,0.0159175312260985,-1.90514296538629
39133601503,86.1582847761693,0.692823085166873,0.994225912217428,-0.695138005601271,0.40961174447107,0.574054354662972,0.692181487453559,-0.549327273719238
39133601600,89.3076013096098,0.676133017055448,0.943311435570769,-0.0741402300043373,-0.0263806537904512,3.83223185340074,0.0378756848881322,0.385242772204952
39133601701,79.3742271383268,0.69196889737197,0.917294742776582,0.123892944312359,0.24705182648262,0.142328038226009,-0.348900082937759,-1.08149985741677
39133601702,90.5446772785762,0.69193871082068,0.848623818505796,0.23934408362717,0.166816577636252,-0.0244228742999091,0.274768903590613,0.635774022976117
39133601801,90.0834523854907,0.691491934836178,0.776007383734648,0.0185785863348836,0.136833174299452,0.0941492077341683,0.235283505572473,1.08397720709685
39133601802,87.9347852397341,0.690443559254265,0.388448227402593,1.07965016069672,0.00269922885839656,-0.00190577693244192,-0.218949554633733,0.366954498290889
39133601901,85.5588919191826,0.690926501664439,0.495886619641488,0.497452924225803,-0.190294256275868,0.718943098278583,-0.928309509513066,0.986304674216435
39133601902,74.7239563814739,0.681825753258895,-0.251127056882417,-0.273876596017593,-0.102886932791827,0.622737626325271,-1.61857727837417,0.412026934206357
39133602000,80.88067748756,0.690873159003839,0.336921999510395,1.27460735339032,-1.38641526796054,1.23923500790322,-0.911596252251634,0.882784588489928
39133602100,95.1479894069091,0.692102137697645,0.716516103846931,1.44458603933683,0.150187091355167,3.6264671984684,0.212472808915439,0.313562730372306
39135400100,83.623960847564,0.426784891204047,0.233409051640878,-0.0524244833541396,-0.46095284891003,0.399700222132886,0.892471451664317,0.0336271380284213
39135410100,68.3477504109762,0.449969723299098,0.0459842143703947,-0.209104758930725,-2.82714921307162,0.902261298443564,-0.248814761360765,0.517065093520448
39135420100,75.2088663532668,0.564781338748132,0.444808266866153,0.17902639053244,-2.21744097974822,0.413086565457289,-0.232576228977868,0.412332376854363
39135430100,74.3023610761833,0.232876673924442,0.359962670026886,0.443455265730756,-2.13951503342828,0.175719129804247,-0.128072737709368,0.55286629851551
39135440100,73.4143755334692,0.382391807543095,0.28662210877054,0.202532768824796,-2.37760052491942,0.400870229858198,0.0990676863118128,0.177725506076572
39135450100,84.1264145044593,0.569965426957789,-0.105335885813219,0.46100022512627,-0.71867679206545,0.190414564522291,0.670391273901447,0.306141599570055
39135455001,82.1462042550933,0.611931205085714,0.551501066874866,-0.408720604872448,0.271893569294938,-0.0215517687601551,-0.014597750031949,-0.174309552431574
39135455002,72.6336969657685,0.556695997247258,-0.253566582719856,-0.445834119565579,0.0876207342863056,0.0641777955731676,0.186325078804693,-1.1367307390011
39135460100,76.9803916740117,0.476553900110642,0.257502617562087,0.155938105358462,-1.85266603443276,0.200032684225156,0.151733132357673,0.50412575854272
39135470101,80.7527017138618,0.549972242244199,0.688850740716907,0.256996984346627,-0.813547122597699,0.407519850433106,-0.618977077949321,0.758430633900619
39135470102,61.6037061033613,0.438550038982718,0.0643366045522441,-0.122856884279655,-1.65635162098396,-0.109172718230594,-0.520420910001026,-1.09858077180073
39135480100,66.4400945258865,0.493346742087439,-0.088570081434257,0.792024766271242,-2.99224446357033,0.441577289925235,-0.828647385930183,0.25896848289179
39137030100,76.8725561655881,0.551920012744309,0.566669605046938,0.438856789004468,-1.79526809406469,0.105038338136547,0.299716347791741,-0.398573544452941
39137030200,77.9813830353611,0.573452764889661,0.731885746244672,0.18115993381474,-2.44068057695356,0.362709446429266,0.385822947491387,0.680872530889379
39137030300,88.1511626285978,0.550165043815141,0.887007339782632,0.0901552193630065,0.242703127693574,0.217338780269847,0.732636952837939,-0.31614593980634
39137030400,85.3707031718888,0.59046882642861,0.689334573784464,0.36493516919897,-1.46187870782181,0.611262043730311,0.692025841357194,0.519250496231726
39137030500,82.8383457084303,0.455368012184377,0.770692058611821,0.542463865685724,-1.29602734273975,0.0811522539817216,0.697385545677619,0.255601567820377
39137030600,83.0112866090452,0.673336738126439,1.01551319346947,0.728129651532972,-2.34803045136176,0.868985029687533,0.357889928948107,0.697330013781897
39137030700,86.2254586667897,0.611154884100878,0.991509933314601,0.66814747436026,-1.67688660138788,0.530790268991624,0.836802670082926,0.511879949682047
39139000400,62.3079624179773,-3.83094342843625,-1.25861815351665,-0.327283755926101,0.292601135128116,0.001117348695187,1.01294522073968,-0.144740263518331
39139000500,45.8303393244977,-5.32413101992127,-1.28635899904255,-1.28716244157613,0.272011730378309,-0.90909460527831,1.00304479792114,-0.93213441787038
39139000600,44.6694707659781,-6.1226285524805,-1.86843247501458,-0.971971986570501,0.590164366519618,-1.36486138587344,0.674196716698385,-0.450551233695991
39139000700,44.440434593586,-3.92304659875555,-2.17087381026597,-1.45859670299988,0.282573963897886,-0.836101724706274,1.0467993007164,-0.479345775971376
39139000800,64.5837835592466,-2.27238475778716,-0.147044933561852,-0.276930987998352,0.364771529173782,-0.340211670112946,0.949747892605964,-0.954044870744327
39139000900,69.506193387172,-1.14980849531792,0.353416379622077,-0.255711498339132,0.147156144091299,-0.505344560536224,0.705418692361225,-0.777408390496126
39139001000,54.1321201475817,-1.48754055196826,-0.112820207877574,-0.633602505492638,0.056034418597025,-0.925205350463712,-0.0419933653650267,-1.45901958114439
39139001100,71.6798579291128,-0.3343702452135,-1.12606394427548,0.0115423293844231,0.479934706993358,-0.0883999661963174,1.02011043406002,-0.830782415083288
39139001200,73.3533879268043,-0.651434639424193,-0.650252177660748,-0.179622519858429,0.386360032379837,0.31441579839467,0.0031296433785213,-0.361683367835217
39139001300,70.1535807459278,-0.567617752560932,-1.50487303414799,0.0973268257038554,-0.160626879379933,0.359687202470279,0.714633398292533,-0.548032231338528
39139001400,56.4629382116289,-2.80779202904678,-1.457914603947,-0.16749761968081,0.753934851674489,-0.214450727699292,0.784657751542784,-1.31338811418501
39139001500,48.8891487011657,-1.67210558449641,-1.77599476130231,-0.489190954856495,-0.192726393577735,-0.592959081392787,-0.530564787993716,-0.723515583739129
39139001600,49.5961623479948,-1.12399234885281,-2.05728083556156,-0.817173400370679,-0.0883431029206086,-0.830498581456737,-0.169743953638449,-0.579842011801628
39139001700,66.4444866963181,0.424934705952874,-1.5196259428379,0.495903215635015,0.220699588821709,1.30279548936827,-0.473760201232737,-1.78885743294329
39139001800,79.815891865693,0.0434677953158478,0.655487709809469,-0.405721562824956,-0.197700409183199,-0.0209298984775502,0.674591164867575,-0.00855474680057725
39139001900,78.3007594733037,0.242066920510711,0.558323201165455,0.41379999440534,-1.08530061453389,-0.0827182013334506,0.796397183405614,-0.323193607507457
39139002000,74.011073222296,-0.0634882184992365,0.592141642210009,0.257767888519233,-1.58351191574206,1.64316137581493,-0.23961940764643,-0.246226719365189
39139002101,77.6706838360488,-0.0581637129029176,-0.617550218379204,0.0845911201402005,0.530650663028989,0.380260301432349,0.0981138062538523,-0.445370975847937
39139002102,87.3737204869518,0.234135850075083,-0.125355588317168,0.654339689285579,0.0892242677564972,0.371086127408407,0.518524429857455,0.37713328686286
39139002200,89.2010280999482,0.54427009697802,0.115335292443524,0.214877939145011,0.146589267015548,0.221226771801188,0.640866397690059,0.51916795230277
39139002300,79.697433133697,0.422768040545459,-0.880228334575774,0.259645517569259,-0.154073324256407,0.394217351860819,0.180769055883479,0.0557375531687848
39139002400,87.255479539205,0.194994793751827,-0.517836344862234,0.2387027551912,0.845011815139938,0.261264789673513,1.30914748015181,0.455864904787422
39139002500,77.9876616890061,0.0379877633047672,0.130581704756911,0.278177287892378,0.142702010570849,0.0799980353403657,-0.189657584852981,-0.468367333050688
39139002600,79.020798657427,-0.624130082231813,0.172935845091381,0.0945920458377579,0.466898369172786,-0.254399586170199,0.374050669703395,-0.0845128525791808
39139002700,85.2817236307686,0.33472287720358,-0.829890194988309,0.62249423845788,-0.269295167081172,1.33922144103822,1.03677037346432,0.445477943718746
39139002800,71.8802881628945,0.348300747259507,-0.951258123580047,0.0677983491873054,-1.21233879096026,0.459090101190362,-0.0446157264446458,0.196423211528517
39139002900,70.4185093619146,0.479350151169923,-0.0340782391047821,0.836088807852377,-2.19900541219924,0.784221878015779,-1.02823786247318,0.0684679709076471
39139003001,74.3042275517653,0.390825398267396,0.381987675961288,0.483898368884083,-1.46941689198337,0.565600658784016,0.0391437535444323,-0.818970960993177
39139003002,67.8005277153744,0.536275047339274,0.0946992787052908,0.774348774380645,-2.48930793064427,0.13570807233832,-1.09330870801034,0.262388589817033
39139003100,34.6498735367744,-9.61906632032702,-1.78495741372845,-2.01380754605012,2.50581922523496,-1.03250984275088,-0.43528503464325,-0.91693513169184
39141955500,72.0843315662839,0.10752550261265,0.201103071369981,0.21189922283832,-2.24142806021646,0.850729786552238,-0.0254578942787425,0.00422736929301087
39141955601,71.6194767051392,-0.246216575324241,0.269365816684141,0.0490384859631638,-0.260777733985705,0.295779134141738,-0.680732613074845,-0.531680032103254
39141955602,61.5549857466275,0.525140632718252,-0.525291750656063,-0.934304674649643,0.186080429709915,0.841085019690517,-0.697016416791588,-2.32073476351089
39141955603,61.1467751896989,-0.0657379235806987,0.0812642599124611,0.0661793205908063,-2.50896840136881,-0.304508598739067,-0.374860075120746,-0.143597196715768
39141955700,66.5242359260621,0.172729988656251,-0.428205283779968,-0.272810197175738,-1.49653537457002,-0.447940493151509,-0.158244983426019,0.586403581689831
39141955800,68.0042078036743,-0.201446120996898,0.0658473754316864,-0.0972043133580041,-1.78523180071485,0.628264822884306,-0.257411998747294,-0.297940938504263
39141955900,78.4517902672076,-0.164870785819778,0.157693079678735,0.673245665726417,0.430034121045501,-0.888900734701085,0.509798528078109,-0.248337174116071
39141956000,80.1755189682413,-0.16309362773971,0.223125538374606,-0.216507821114969,0.343998162042843,0.296316950253928,0.606535644759238,-0.483578910485964
39141956100,76.273058292655,-0.972376888262971,-0.250290086348197,-0.092560976736822,0.60988300579258,-0.427547867009079,0.618752783598688,0.284505830087709
39141956200,78.856457478254,-0.388477908053094,-0.0606986466072626,0.487288574681909,0.133353316397162,-0.501692544713384,0.48254862422728,0.0798464266863849
39141956300,54.4549382194534,-4.85374059509273,-0.427548488676693,-0.658461962702134,0.718702019516321,-0.324578426809416,0.636382110542276,-1.33263785625054
39141956400,55.0909057760122,-2.78626334951699,-0.894835031982819,-0.369638937195063,-0.0306682577793209,-1.21715832779346,1.25663909984096,-0.563126444635907
39141956500,53.9565635683028,-1.39345245353023,-0.846563782930215,-0.743946728388036,0.748073654713528,-0.990300079671986,-0.317485010711139,-0.987587999442021
39141956600,69.4208479959217,0.182190452860963,-0.388118980119152,0.276818957068306,-1.62946433634294,0.52881251024443,-0.618946805654785,-0.00333322301021964
39141956700,55.137926149429,-0.465115247465717,-0.681035863063911,0.434603827486613,-2.21454202874603,0.259100947808011,-1.75168188384418,-0.327878541560037
39141956800,57.1498827326221,-0.270415529892991,-0.166442637792356,-0.41573822530201,-1.87642629102375,0.440083125548617,-1.26805480269031,-0.548130535296332
39141956900,41.3850241657804,-0.224774425243214,-0.0605651476899169,-1.00443515636008,-2.72601714776226,-0.710941337663848,-1.57391076200717,-0.668384049956066
39143960800,83.0906196256184,0.692823085166873,-0.236224634801845,0.201140255835302,-1.36988086736506,0.848099513817699,0.717954187309651,0.359302700165379
39143960900,84.2885586482541,0.691275497311903,-0.0952939797210588,0.0120780979349061,-0.343880847330249,-0.267758629443397,0.799178666839613,0.870252318335776
39143961000,88.0905395477181,0.686839531980343,0.95152196514328,0.386735707456123,-0.210527635916457,0.169660957544229,-0.144652928841251,0.741044941315167
39143961100,77.7690532342356,0.692823085166873,0.553304797270286,0.0337270506605314,-2.13140231319723,-0.0856323784101875,0.574931474950944,0.248895742793135
39143961200,80.3098495622997,0.691480789368181,0.524993401210064,0.620071721480611,-0.627316852619858,0.870405996208818,0.0874388234477752,-1.08013419701863
39143961300,87.8062941040051,0.692823085166873,0.250921523513356,0.458477691177749,-0.128579910865649,0.237162026210718,1.12247960573784,-0.4644352971894
39143961400,82.9535583125087,0.692823085166873,0.280380698450013,-0.555554226504254,0.476726708376408,-0.161522598123685,0.87017472418235,-0.515323418614581
39143961500,79.781693443801,0.692823085166873,0.143725808260636,0.00566093577375269,-0.159914647637658,-0.503518056356227,1.35205813488173,-0.647700799674914
39143961600,73.0386296727619,0.689782933995069,-0.314893771859609,-1.22880620485383,0.362147807676621,-0.537430842357163,0.907804131764337,-0.722115115176395
39143961700,85.3856568720316,0.69109222839988,0.0289192687333917,0.403711528889856,0.303039311320139,-0.698850702319859,0.859430773217038,0.0113502378858233
39143961800,71.4225271895417,0.692823085166873,-0.0190510564953375,-0.495812548786483,0.228081122285132,-0.220924809983252,1.13412056837916,-2.29629610170398
39143961900,85.8740872925001,0.690008128672771,0.0384431282142315,0.246227437764528,-0.401489888986743,0.60996918665449,0.782278334338885,-0.283892198668152
39143962000,87.8254827761608,0.692005383693657,0.355816141158383,0.212667983199735,0.123967606669761,-0.0564699121872541,1.11368189937838,-0.28905198313266
39143962100,85.8193878836211,0.661835400352079,0.409140156197072,0.382209083704431,-0.292398370802574,0.315037705633446,-0.0269124754604275,0.0991292244639334
39143962200,88.8017233090257,0.580868347130711,0.50755079556083,0.159770921209394,0.310101065392022,0.411975969175841,0.556565081333474,-0.268940907614299
39145002100,70.6202299665751,0.505381232617419,0.42713900279252,0.199414611806118,-2.00534737922921,0.383576581003745,-0.900387896638033,0.0148933236223409
39145002200,75.7705606476429,0.412384923528144,-0.0114957888559478,-0.232158271314993,0.103757927918719,-0.0804865660126188,-0.391750775787431,-0.285322472976439
39145002300,51.3887594553911,0.526453940363986,0.149672337491925,-0.0431452299370134,-2.75354008951737,-0.504016040755727,-2.26079166152829,-0.376478166680569
39145002400,61.1312087543178,0.551171828068117,-0.009730360458037,-0.237852309603078,-1.49543263693744,0.476316305033379,-1.25192716208119,-1.08863621367151
39145002500,79.7839951574431,0.493801831733164,-0.132277310526917,-0.0123312019729304,-1.26565841776358,0.657857810897128,0.633668284172665,0.273480400159602
39145002600,71.367875673879,0.521708521682981,-0.216956178859609,-0.0488944304672655,0.0391940366087237,0.0762586692086523,-1.92276790158315,0.111606771124718
39145002700,80.6830013664677,0.539222030008265,0.493996802763996,0.0285742670132544,-0.356319317800558,-0.113113692591923,-0.400796987464154,0.814532289698909
39145002800,79.7209471502934,0.483924240088305,0.242800182196494,-0.46043525597968,-0.0689864921657247,0.29836148528185,-0.214007803928029,0.089380824594685
39145002900,83.2706950147791,0.503055165691235,0.658430649682271,0.0726863902328491,-0.424599883449313,0.226961542371672,0.173376903185094,0.0246472960097503
39145003000,72.1872827014149,0.197191570583437,-0.288943681339759,-0.384113979628535,-1.00157708770359,0.323658478600091,0.250853522404017,-0.150611539714438
39145003100,72.3709272546021,-0.0714484006840105,-0.640952441762985,-0.85874588392258,0.26062616377946,0.136799388057595,0.495084182016853,-0.49500843429857
39145003200,50.6848342867876,-1.15264932824919,-0.803507768201468,-0.728709146950444,-0.103615331090856,-2.92746306294684,0.166211438500172,-0.191090733188292
39145003300,73.6711871822541,-0.156996213382722,-0.258371039193322,-0.654020273478143,-0.606056881316183,0.269644955091601,0.352252975198331,0.352865020456377
39145003400,50.9487323400427,-2.57453998135704,-0.618601248086196,-1.5575266534961,-0.0982622674672253,-0.615159233841677,0.183595416465945,-0.717537458120588
39145003500,59.0723285541873,-2.55636383509346,-0.77722261254333,-1.06109001458517,0.694799454797435,-0.371025711121835,0.740053036587807,-0.697864479687422
39145003600,40.3932492564098,-2.06869859404809,-0.640625812467592,-1.31636931886307,1.48754609104593,-1.48237498862577,0.0632607976857598,-3.33242070221642
39145003700,68.3036474258007,-0.738794876315237,-0.17306984959934,-1.83136809617276,0.517697143819232,0.225266072454074,1.05828702807628,-0.775024820126224
39145003800,78.8598698071274,0.201161840019936,-0.083001189047294,-0.0929817388570842,-0.258588029424114,1.03316177246559,1.0462790302881,-0.730502919295674
39145003900,66.8428246217234,0.287793821514214,-0.168661455268414,-0.445541584905516,0.267861209692647,-0.407035538070098,-0.91578161263064,-0.625165205012169
39145004000,56.1493429665508,0.567523761244153,-0.220641306643441,-0.153218242636435,-2.22506817182736,-0.497938563296088,-1.45672762962385,-0.332031261987806
39147962500,63.4345373410251,0.692823085166873,0.215160918392366,0.799401770387414,-2.92137683330452,-0.0865761175811541,-1.44924874471644,-0.00658039317769139
39147962600,80.3828691621937,0.692823085166873,0.290825326775866,0.287781742830693,-2.17054001179942,0.899128456984548,0.479085454308724,0.0860292861403876
39147962700,82.0479301161212,0.692091364229938,0.318199886367854,0.373544010669272,-1.9006097606014,1.0564402531795,0.565268317453531,0.00911016387335062
39147962800,70.7361997735061,0.558604544133639,-0.379498100621076,-0.351745809086663,0.0949062482005261,-0.424306970986537,0.619634153541834,-1.26084548682469
39147962900,75.5664594796956,0.335712531267267,-0.399128221181672,-0.66403903155216,0.734560735897926,-0.205420466283311,0.175447713227106,-0.324775279265204
39147963000,61.2193876707398,0.509001480073405,-0.692573704399688,-0.919113468411241,0.0346037973893511,-0.857606819576132,-0.173511991670624,-1.02707151078763
39147963100,82.3989898298326,0.691659231970241,0.706288993525719,0.672576230117701,-2.13154817088162,1.19519377091929,0.764762875554325,-0.239743981751776
39147963200,87.0715191738605,0.692823085166873,-0.147555475134912,0.173970150710092,0.138186629157829,0.664266012647543,0.934915950763074,-0.537963257105893
39147963300,78.5898119168608,0.692823085166873,0.149023122381895,-0.265471402834928,0.242491475272527,-0.181349170119915,0.719177190294041,-1.09017824547388
39147963400,83.033627244766,0.692823085166873,0.496992708555076,-0.161443185207336,0.0965551866875953,0.228706459645599,0.749311514234672,-0.895744463082824
39147963500,86.6175305938097,0.692823085166873,0.117812690990829,0.0589610239363512,0.40087083584771,-0.0278414731891097,0.722349574228821,-0.37700183283336
39147963600,92.657698389793,0.692823085166873,0.444297186980015,0.112497534007787,0.217982778401164,0.939396004353323,1.44902856074812,-0.0767318768181599
39147963700,92.0392624997213,0.69179621289819,0.404956381514944,0.551032377676587,0.277158372966682,0.127442472809062,0.966911229590501,-0.0420214400609456
39147963800,69.716620957584,0.691449889109493,0.19919205313418,0.385115382241289,-2.90303795016314,0.184061372911796,-0.340592891723318,0.0656618928531417
39149971400,78.919809681736,0.478383215781979,0.736408821703169,0.540401419447808,-2.39571445409779,0.633954584358574,1.13272671459716,-0.13316734371786
39149971500,92.0332322668477,0.547867841445727,1.33773514390103,0.848542554891178,-0.213990909538463,0.865606959398811,1.44224501599274,-0.189619160819441
39149971600,90.6555761919741,0.543190927769425,1.17425313943905,0.402676252331907,-0.539258484049156,0.97305383677222,1.46477550683008,0.242891250090285
39149971700,81.1558481717546,0.0338467857217663,-0.347744688502112,0.712664960420213,-1.07691547076268,0.993299493503431,0.912272588655815,0.345518251456272
39149971800,74.4200286368202,-0.360378100271501,-0.469397869874517,-0.0103421412332721,0.00666847065388261,-0.412120802181602,1.06372622930454,-0.277087343007468
39149971900,85.5534771979152,-0.270662659258853,0.169977172848564,0.360349696538637,-0.0474961758597572,0.267995479768103,1.5022674665407,0.347680753847961
39149972000,62.0868397004248,-1.73834254462415,-0.172758448431333,-0.535126460954272,0.240303448166162,-1.11746686473404,1.26399498462807,-0.706624558532205
39149972100,86.2918485190322,0.105746191293113,0.722501572874513,0.0934703315013693,-0.14700452574739,0.301236193168333,1.22790218591999,0.206378175974064
39149972200,83.1594784817579,0.0224759861211326,0.197732546013439,0.381131790169079,-0.445672139421182,0.215814674355732,0.764749881718899,0.204328908516434
39149972300,89.0138605278235,0.374871692008587,0.801848893099915,0.462316838589925,-0.556085120527555,1.12499198225792,0.599217975958978,0.708224302845832
39151700100,10.1607607700183,-3.35051321498914,-1.7531099194747,-2.76510512749845,4.68876984250777,-8.83963379913481,-3.10893684736841,-1.67905225734765
39151700200,60.053649335467,-0.541076884095954,-1.28960144677142,-0.572965563611889,0.371022849294062,-0.95763722703457,-0.0390417766579368,-0.517491533672256
39151700300,59.7495705318914,-0.378842379542123,-1.67762428418251,-2.00972359261932,0.374469405226698,-0.601524010065946,0.842450089740154,-0.187451449247411
39151700400,66.5616556529608,0.0157640915051964,-0.637911607953692,-0.0228551297822809,-0.293428988795609,-0.504881473320723,0.0517267249796935,-0.73492892597072
39151700500,54.1946531945075,-0.755150822732195,-1.34371580216654,-1.92366928431651,0.82953564165714,-0.653976668589248,-0.367233413542467,-0.442306466241541
39151700600,60.1508329333331,-0.683565633810435,-0.692832521238433,-0.668584562168812,0.134339318892663,-1.20129381805346,0.0445213161763725,-0.520304828298371
39151700700,67.727216930176,0.0721293683705465,-0.951980444331507,0.422961753193715,0.431649051150872,-0.109998757277495,0.253596592758481,-1.84454633697854
39151700800,58.7595008164275,-0.560535727349411,-0.468481832733306,-0.329273879100703,0.242647181171887,-1.72547937702319,0.108890725970206,-0.832898655135805
39151701000,63.6346699071682,-0.634770526512215,-0.863645533474931,-1.37887859828237,0.0516636482589042,-0.244343703027816,1.42408125079854,-0.736564550383588
39151701100,77.6028671199431,-0.301934176660389,-0.700363214545175,0.0771787164493611,-0.141257758789466,0.700961849952299,0.894398949613343,-0.323662449797317
39151701200,56.5028922596604,-1.54996933905985,-0.812129496735104,-0.36478542270228,0.908150921471357,-0.0749699336389368,-0.488781026426117,-1.61355198760124
39151701300,65.7164985035048,-0.499769619186487,-1.0715821200205,-1.04480866055395,0.724627668374945,-0.0420238225123991,1.00128418892103,-1.00861467823615
39151701500,42.7679129999342,-1.49165964333219,-1.4234699726011,-1.12756751434776,2.25604454774908,-0.792293271121626,-1.61323431550669,-1.17411749202644
39151701700,46.7299074668524,-1.93418553662823,-1.28240801273981,-1.57226093177775,0.723956730025265,-0.680405252813502,-0.298085068742926,-1.14762977554538
39151701800,45.0767081024758,-1.42542614874462,-1.65451617189585,-1.92623571215344,2.17502431328098,-1.88241456168214,0.533795854120871,-0.836548032239983
39151702100,50.1723106124818,-0.527037542226445,-1.42969466387144,-1.44389495899024,0.731908502035993,-0.886513156658836,-0.201786123387475,-1.34957961024221
39151702300,21.8516105493518,-1.07790669900855,-1.59727726069845,-3.67835988536794,1.03269189414159,-2.09758077315734,-2.23297019173441,-1.72476753622813
39151702500,63.5397451648316,-0.430087752182853,-1.10494671953135,-0.627861427337797,1.47600956878599,-0.921849934307598,0.65487022460578,-0.817489032492773
39151710200,65.5790527902024,0.633947641218367,-1.17267575945635,-0.985461383827513,0.266415088008485,-0.594699182045806,0.295161918497833,-0.872960006102363
39151710300,73.0305986124318,0.61328629672503,-0.969832692603808,-0.491152004851863,0.418705108963845,-0.267370021230478,0.723019826480972,-0.849939528086131
39151710400,40.2621992254584,0.47828039465924,-1.49887753341774,-2.03348452481396,2.5689400654568,-1.57403997969785,-1.43627924595297,-1.63172872483426
39151710500,51.7516274836986,0.608151668801601,-1.34982840984025,-0.879144937900035,0.940386591669869,-0.370515807477391,-1.93780971571975,-1.67500757070317
39151710600,85.1128464305107,0.66351426432272,-0.0570632753055177,0.0228535834766822,0.746951511526557,0.409223587974024,0.296356005985188,-0.554529536590375
39151710700,82.7499205139723,0.670660268737359,-0.557847589963548,-0.0761522200530857,-0.0216986378682103,0.773538683234618,1.35022438735533,-0.560937235910784
39151710800,84.4490813934801,0.675620604224838,0.121312655430146,-0.243471965391556,0.0452653878723093,0.493981048395498,0.274276097600131,-0.181974621420758
39151710900,92.4799497332579,0.691650991012658,0.449384921510989,1.28752766950946,-0.0283040519465169,0.910622457831032,0.117401939538821,0.271884415702111
39151711000,89.7503898832911,0.689531082527794,1.33821124433973,1.49703919465573,0.303713189043774,0.218643714974199,-0.479139389165262,0.0887718864682042
39151711111,91.1269487441534,0.536082232439332,1.14368733182446,0.658954056043729,0.256800726043256,0.343072910101786,0.0457064402309799,0.254065931566587
39151711112,95.0154586817175,0.609304614028793,1.49744717971267,0.833028452804828,0.341679254062242,0.468628666576542,0.31452214486091,0.521982051892784
39151711121,94.8172491603561,0.645587824769038,1.52581478928626,0.74003996568104,-0.0324926685807844,3.96755356130023,0.288193595061448,0.732945246020291
39151711122,92.0519396918086,0.690181346306577,1.63348650276635,0.270208533341687,-0.00662546261502448,0.297622889814158,0.213617306168274,0.92589159564409
39151711202,89.2102807758307,0.338857648319187,0.402452243117324,1.4176892417265,-0.164036214177642,1.29765213719577,-0.0615103489702105,0.838301464436509
39151711211,87.7624164299724,0.437733795217482,0.498954325494435,0.552795492770288,0.160039619156962,0.190724716544739,-0.17188094112147,0.690324856605671
39151711212,90.8856462386522,0.397179257749974,0.620992753686405,0.403951308575257,0.418826250974821,0.0129422674123896,0.585918395499719,0.808496867111396
39151711311,94.6632652780537,0.430249857014192,1.63930407126395,0.578518802573489,0.21348710654029,4.43660464043351,0.334472398182278,1.08355939470042
39151711312,95.1131371856427,0.491283073503225,1.65193104805845,0.934504026698771,0.302763067031241,0.18520430056311,0.686824873775018,1.02073754496819
39151711321,86.3138866908015,-0.574211526784839,1.47457597287831,-0.373434915654183,0.120292203853254,0.855698981890638,0.837424945975479,1.35692821601761
39151711322,79.025180994132,-1.37773324559157,0.847951740762419,-1.12373089129479,0.82010401514686,0.917570953516888,0.394196530378021,0.644191855661379
39151711402,91.6254601111792,0.433372702517754,1.23677235951577,0.745786872591608,0.0735003842199152,0.343234434964788,0.695143716309464,0.0995339787801595
39151711411,93.2160374330564,0.487286936111647,1.4523940180187,0.748484050525999,0.0237232651003818,0.0213820818497234,0.828361587234772,1.66786789423555
39151711412,87.7347862426628,0.399197263601416,0.420110475179932,0.559833335624448,-0.0264804897143203,0.105220588372013,0.305769587009417,0.47076774343823
39151711501,87.1737241316714,0.357578937380335,0.55569466338571,0.358206081648581,-0.309586255027844,0.372181145784018,0.308457639939361,0.779677214378634
39151711502,95.2638626031217,0.691617466152569,0.345409645840618,0.839985068461001,0.00832378653265815,0.429627591337561,1.45420552015559,0.855490924488521
39151711600,82.8091049660425,0.564161967957673,-0.199062492745776,0.106350056406694,-0.0281796009528075,0.151310552269511,0.462490167019394,-0.258419503522814
39151711700,82.3038074296793,0.242060504414489,0.270449326430508,-0.368373634001179,0.221240890719608,0.355845883062833,0.622921411094,-0.310057002175003
39151711800,93.7223871930846,0.299724551832774,1.14297409834286,0.518945318466713,0.60911782813953,0.40878032510435,1.25921548690845,0.295086239438137
39151711900,87.8974338715558,-0.0768559108142838,1.06455518146843,0.547717448063514,0.806779155027432,0.752941187920466,0.830954898565813,-0.628121277349639
39151712000,90.7522870610693,-0.027385630258521,0.616135099615615,0.657354066901315,0.78029656138049,0.293285891368333,0.897060503574009,0.168968590880429
39151712102,85.6222782224254,0.692129525158798,1.2172511281066,0.639247577060357,0.185957067859234,-0.181301005670653,-0.319421040774127,-0.261352426624177
39151712111,87.0309784066861,0.356909889404455,0.715153871943347,0.41102991139303,-0.105400292169549,0.453655305616856,0.0477161943854931,0.318963913673792
39151712112,94.1717949189582,0.446861969859454,0.765905688094909,0.854935795907702,0.207643716411727,0.416578842632041,0.741608920555463,0.811734124780784
39151712201,92.5146839316782,0.510227723898623,0.559847895955538,0.469989447579295,0.267404084553796,0.309440257153825,1.07042623246734,0.24497670479031
39151712202,95.3607235864474,0.64673059269837,0.957948527905778,0.674201471461812,0.074218702478349,0.505206398999174,0.620365847297616,1.1043163905146
39151712300,91.743449426662,0.667799345366926,0.634502341787106,0.129383726914375,0.450178672105314,0.101468669461002,0.522128232550987,0.607864706124436
39151712400,76.1953441588157,0.458722598116687,-0.347372951296541,-0.211313654162994,0.350037377025999,-0.301751715923702,-0.429886685873611,0.149368131464224
39151712500,92.7053018561888,0.660988144849241,0.691018113179481,0.461658268401783,-0.112958363033018,0.313355865503547,0.794740302288476,0.745155299764999
39151712601,86.9139635107783,0.0591809143246589,0.571517062514086,0.0808285110923796,0.53354111084224,-0.064030065933892,0.64658393378567,0.485008247354819
39151712602,84.6974133059991,0.408912388057357,0.955947659084822,-0.00845871097850619,0.534752154782116,0.358386547642452,-0.42297191166403,0.0822746795785294
39151712700,91.2203633530075,0.608228151819056,0.0175128521060938,1.11364450759433,-0.049898009615849,1.07223401824997,0.226028509896455,0.596001067890913
39151712800,91.390747185171,0.633334027344461,-0.113194651639525,0.790038136906203,0.0312703636133055,1.13365351084152,0.668716188846484,0.189685254189243
39151712900,85.1842856012406,0.692823085166873,0.408414458382818,0.146499562465015,0.547151142724141,0.298799350790792,-0.741733217502141,0.125759525946791
39151713000,81.4338959809329,0.676140831485011,0.046607311075079,0.785813031158335,-1.63681835691622,0.820960325785294,-0.0263812449647459,0.2690114152375
39151713100,87.0286230414534,0.610600944162881,0.0859077239799589,0.103332324458267,0.215529910202182,0.0301625037137559,0.550026205728947,0.169600688279973
39151713201,87.5676879817383,0.667090770845483,-0.0153876901879767,0.311200359175287,0.318556760699259,-0.226047215046258,0.924913119725649,0.00972376918453041
39151713202,87.5279333077044,0.682694324257227,-0.0477610999636859,0.580411121465498,-0.318846238720602,0.126603309042128,0.762963196499044,0.190433714038441
39151713300,91.9792861598772,0.683188260669482,0.317547519059985,0.354097234178915,0.500049868687687,0.0309289782126587,1.05510647764876,0.195578362772785
39151713401,90.7374711970151,0.680270731456745,0.325277497230479,0.257153640981735,-0.00306069967129937,0.395914053650772,0.792007806385265,0.236398118204885
39151713402,87.0813963079126,0.689570023809056,0.197083942808653,0.290228618324513,-0.0108204413317589,0.37283220088253,0.454022225293573,-0.328330359164551
39151713501,92.9204417960832,0.581395129835748,0.652696540153802,0.604075997143293,-0.0654356168891241,0.383662928216559,1.18815916204897,0.394352871835637
39151713502,87.3094071639686,0.668414110381797,0.108516972680279,-0.0437886797989978,0.0539125470879589,0.09991824723375,1.00086221632929,0.134374809651994
39151713600,81.7336858484347,0.239935675104931,0.729293182769436,0.436520403300907,-0.36257002336423,-0.445687132881789,0.818868137968656,-0.0617392616076561
39151713700,81.1201723963969,-0.172015772383458,-0.0484846022782789,-0.106028500231941,-0.0478415019977044,0.369942147386139,0.738576323896586,0.0393957060502817
39151713900,83.9120087917382,0.163247000863897,-0.111573226759451,-0.174410239854312,0.220310974715983,0.0821790671046726,0.922940376150519,0.484622242073039
39151714000,83.4188828090654,0.51775957016543,0.433347003631854,0.0430705357604212,-0.300814603264835,-0.220384310149146,0.598425229172113,0.223199910049187
39151714100,64.4122985199543,0.0861711070367176,-0.21148284453923,-0.227889753820995,-0.774843541534654,-0.397849990344684,0.861042625795671,-1.33862912626711
39151714200,57.4094731641716,-0.425207877813659,-0.645798314272897,-1.13600559824332,0.0436173657525669,-0.801926442544851,0.0871350893312249,-1.05341001586832
39151714302,80.2310135552084,0.148791481548468,0.246981987606734,0.150833212214671,-0.0226186859735576,0.230949452829543,0.189644973763669,-0.43086280035745
39151714400,79.6477304580645,0.0926863940461626,0.187951004921177,0.0758201669393274,0.32079015564292,-0.226223870821415,-0.133069074520807,0.0806432486060211
39151714600,90.1767477396929,0.630769059892725,0.33180789445276,0.366244702058917,0.0781848539945205,4.13300517229809,0.619960930364558,-0.260852642405306
39151714701,86.7223576741166,0.612735982275209,0.712227273620167,0.37724157355827,0.000746614112548675,0.154824051085304,-0.0926017007390016,0.0677168793684959
39151714702,85.3701754652058,0.679556815641223,0.44360979116327,0.733890704153526,-1.02124390957542,0.737086897441559,0.712698790724608,-0.310176116758086
39151714801,87.5221405154474,0.624247108382955,0.136309181450587,0.531139073727133,-0.122971795314449,0.309233096699523,0.304835798980119,0.0596741156973828
39151714802,91.2864260157691,0.680538611653164,0.30271796957898,0.723254905560685,-0.380268604130905,0.685089802913304,0.55362062509661,0.615331800164559
39151714901,83.9487142506711,0.627197957673861,0.0271184316004059,0.783972363479564,-1.36259885270555,0.978234741693547,0.302928258808214,0.349788077068464
39151714902,73.471640040986,0.218800468886045,-0.153279090965434,0.200698362107864,-1.17707897517422,0.485189004695705,-0.24269149139718,-0.114750612821751
39151715000,72.8780932978618,-0.894863576621474,0.00747772058179074,-0.726914520415143,1.43864887920617,-0.179078961356014,1.33556229370811,-0.715255202795393
39153501100,70.4891623546846,-1.150858465533,-1.10832099945125,-0.930254707083478,0.658044700537015,0.680979134615441,0.391659678961474,-0.0242473413537567
39153501700,66.0561254228417,-1.15629481477377,-0.871988192332783,-1.72901177920802,0.38005116482884,0.480794298309502,1.01514015061699,-0.49584180479103
39153501800,52.2165050898455,-1.96828343105397,-1.34350956965705,-0.720538157822147,0.32044062383822,-0.526260447339061,-1.04176565912835,-0.156305924591976
39153501900,37.3591881132677,-1.29585549082427,-1.7993961029429,-2.04746454488506,-0.380260862029862,-0.442073264626147,0.387880792262131,-2.83261417922072
39153502101,58.4535503538192,-1.6256508740118,-0.914968287201105,-0.407364853509551,1.07516282312564,-0.211080828243919,-1.70247223816414,-0.0486956627274487
39153502102,67.056269870231,-1.66515586415707,-0.322114801591185,-0.123002808083315,1.5411491552936,-0.491958294643798,-0.0862225587618337,-0.487266100819465
39153502200,62.5753979758276,-0.720893931504615,-0.857363627020051,-0.118124683671223,0.971262534595938,-0.497572134065011,0.308347196622864,-1.54904749232307
39153502300,54.2295851686521,-0.617464871834788,-0.914823625442215,0.064379585069318,-0.29758016121746,-0.554539175373803,-2.36872415426967,-0.251436730766622
39153502500,32.2845086985748,-3.74672739737818,-0.966012788942243,-1.43608622573897,1.15922694553893,-1.9361485944711,-0.669690066684988,-1.55588512266099
39153502600,65.9523892931325,-1.6688147063403,-0.807043656521032,-0.109113360160661,-0.174883954075924,-0.781565202750207,0.673069078011539,0.402230688166227
39153502700,63.3041650626473,-0.0734031058996407,-0.666379738976715,0.0499784309396198,0.034485848448297,-0.318599441064193,-0.36703983995725,-1.28272618012308
39153502800,71.1186176126592,-0.246129647217186,-0.552975303316802,0.12604995931381,-0.0649033080758258,-0.29906066964644,0.364814092196388,-0.702542124902307
39153503100,55.0336851595527,-2.6216370806045,-1.12886483763697,-0.807638208614164,0.847417513385448,-0.152876284923487,0.398013681623279,-1.23970955977556
39153503200,54.2753168130496,-1.63411340926688,-1.28688180597685,-1.57542233179276,-0.121440630805698,-0.704860104753344,1.50403018643208,-0.5423218435378
39153503300,56.7040929350396,-1.85566700386202,-1.18318453562147,-0.524496029638123,-0.192929590924592,-0.210765287659827,0.541834416568813,-0.980684472470931
39153503400,52.4459542046267,-3.06241870573544,-1.3989810177694,-1.01901813495169,0.76233406901073,0.00622870738280464,0.1900869355531,-1.06079174559476
39153503500,44.1613225622548,-2.06070705235997,-1.46651106311085,-1.11609779386492,0.314155912079884,-0.599986925496663,-1.2788969086714,-0.761765647497705
39153503600,62.9172356528318,-0.698874267330351,-0.444337471862758,0.0929527224953188,0.579979429203819,-0.420254008869234,-1.65781645335126,-0.438698084081845
39153503701,77.8226270768523,-0.17914846960854,-0.126487606204411,0.521222393782598,0.0733454415954891,0.0998734827521878,0.42143496286304,-0.741112389649494
39153503702,65.1449852232339,-0.294714082389776,-0.124830893880057,0.254307939119268,0.500990103118634,0.0497672313372126,-2.50132793007724,-0.559960258654376
39153503800,54.9589718050051,-1.7269813382688,-1.04233810405067,-1.08245198245272,0.62094733862215,-0.661696478272545,-0.00287328293144017,-0.793597519301713
39153504100,51.6910497087492,-1.55663092760388,-1.12665029259507,-1.6295452663485,1.37599124845231,-1.9774041069882,1.39206564857277,-0.412551001825112
39153504200,43.6755670474264,-3.08546522763766,-1.61526548003979,-0.962573554470531,0.742067256178435,-1.18095738816805,-0.692803817631614,-0.506966482150836
39153504400,45.2077835952063,-2.22261081715032,-1.39256163433167,-1.60733824254826,0.381356955464018,-0.879373669723247,-0.974708736267161,-0.246724201106275
39153504500,62.3212004292759,-1.48955127170325,-1.12263511348006,-1.3628693446884,0.693663528920981,-0.246257986912193,-0.0767306890936483,0.210037848988058
39153504600,40.3878730277628,-1.76426793800204,-1.25134097704979,-0.935250617131623,0.103598202250513,-0.0691716952449068,-6.63540723351957,-0.868221482732482
39153504700,57.5810525984326,-0.456099223035212,-0.841945092166781,0.257147715797552,-0.0515038985218663,-0.179865656159715,-3.32757296749077,-0.364156361463951
39153504800,79.8338442793287,-0.0567547708892499,-0.732685207926576,0.62088389703203,0.0569942685376478,0.410511864244502,0.381091480403268,-0.301125847424155
39153505200,48.2248933746182,-2.12462542191917,-1.50550812501315,-0.958301241828047,-0.299302081035545,-0.801944269497645,-0.215867881895178,-0.428937736219767
39153505300,14.538846463196,-3.06357232952994,-2.12089050349065,-2.0196771960525,0.0819450809321967,-1.94609766196158,-4.69013253793126,-0.974681589695877
39153505400,53.8338331769516,-1.78084029892046,-1.16221597250682,0.113316793606787,0.154609779697991,-0.412854846760851,-1.84303375127848,-0.33514968811628
39153505500,57.8907839238293,-0.700641009402275,-1.28498780252272,-0.205821073859064,-0.610051674232144,-0.329570191809177,-0.602628236501469,-0.32779286208592
39153505600,41.7847901105783,-2.12788527016177,-1.65532343299952,-1.35446959282571,0.456902544703642,-0.412470337163239,-2.34840593175348,-0.41948236328353
39153505700,35.6635692755395,-1.90288870624274,-1.2084164006577,-1.07932387091798,0.881621711190595,-1.49818594535487,-3.30492393825459,-0.785723763923659
39153505800,68.0632926809587,-0.546199405651611,-0.624436707657389,0.200261765057713,0.375290686867897,-0.217078362467173,-0.966444322735582,-0.288949863124055
39153505900,70.8311268054827,-0.83074508908171,-0.983400707434172,-0.350654955299802,1.12828441616983,0.0580053143576952,0.123039247484154,-0.336347988289592
39153506100,82.9887857893756,0.0049258266792441,-0.0602832488041397,0.172420016800939,0.673309512474315,0.432010167978049,0.365254740034556,-0.384492903154793
39153506200,65.2158481743164,-1.40963268251989,-0.796198913032159,0.0521745218505919,0.095579419512117,-0.430622337076463,-0.00851261036273698,-0.418339693944438
39153506400,72.2114347750671,-1.14874685495691,-0.00190733044310543,-0.100066354677813,0.176738454105268,-0.321412799947581,0.251948543678964,-0.231128611728749
39153506500,43.4030949250244,-1.91164600628854,-1.14802946729633,-1.01711277927693,0.0646508084286155,-1.32063515333851,-1.47228890582308,-0.286692304733634
39153506600,69.6928186146921,-1.77651136667584,-0.902221277493083,-0.273780196835347,0.49169028041102,0.884706726705604,0.468147061407796,-0.533282915964535
39153506700,25.4093788156326,-1.359014478135,-1.03626143252256,-1.30776748050933,-0.492790524813162,-2.08817484346763,-1.02533802916378,-3.79139989187798
39153506800,43.8681918249062,-2.80909752953332,-1.77777993693181,-1.18990482394888,2.34900114462937,-0.136455630570472,-0.514323456323346,-1.50478718267827
39153507101,89.0485235009215,-0.0764191521796339,0.748577234799895,0.928453897067047,0.353073918723333,0.144264891771747,0.935419016999072,0.000701733808789316
39153507102,94.2973115622439,0.409377974896958,1.53047880464792,1.00017796575925,0.575975920956599,0.734254773622569,0.0633356329230263,0.773840916975379
39153507201,86.1669199100208,-0.0374329970198364,0.622937842370088,0.832687393968574,-0.00390281500021892,0.266712549823646,0.197383352619887,0.207310639329096
39153507202,86.155073538011,0.103215899842431,0.952675850806792,0.181947086182042,0.232466810383482,0.571110535217739,-0.149527510929667,0.38609521090707
39153507203,86.4207598293401,0.174225502529138,0.436969903786856,0.198900215933949,0.261135696818674,0.479477993423313,0.294104147741196,0.0444440843141764
39153507300,77.7786016900726,-0.113076554013753,0.221743354816743,0.322312846670453,0.150972378787619,0.212527841813073,-0.545153488893643,-0.218609620467838
39153507400,58.9385998733938,-0.989181995343821,-0.713656592946433,-1.22939793979092,0.352785833831315,-1.61152171812855,0.57831827859337,-0.121440999002747
39153507500,65.8867746215016,-0.793650287609182,-0.604168718808725,-0.908846334743819,0.312318547474896,-0.541593208818129,0.540348280561903,-0.500364746383034
39153507600,75.0324943722399,-0.205941270726524,-0.536261543591207,-0.0335013340385975,-0.331419557345172,-0.0985489208147542,0.402461046740569,0.24375933640734
39153508000,89.2706918035681,0.245947397316743,0.612610119290645,0.856772887123949,0.283628383384042,0.216434805938499,0.609756516352043,-0.0807198807554014
39153508301,38.8519472560686,-4.3713154349653,-1.55515835636433,-1.74516473358537,2.91028202635196,-0.399976928834066,-0.800188972548679,-1.19697831017075
39153508399,50.5126485446832,-2.04993088371287,-1.22554559907095,-1.55250225917108,0.693615276385584,-0.756644785771613,0.40609021440631,-1.03624511624848
39153508600,45.3641991021224,-2.2705339303205,-1.62496398872493,-1.40411574508752,-0.150507494039996,-0.737619516825397,0.116403927856914,-0.867220752015195
39153508800,59.9601220331717,-1.6591660451285,-0.973080902326816,-1.27498362583852,0.710993277306204,-1.07471329864331,0.562110618352326,0.040949206078969
39153508900,44.7240805960318,-2.64913902212059,-0.68105910319782,-2.67702851130219,2.53529569154213,0.655841045791722,-0.404310535987988,-2.13381329164827
39153509000,48.8372653807019,-2.15841202116992,-1.34627031440276,-2.33626042750394,0.255122892460431,-0.0528055090079764,-0.261030346310025,-0.584052450750536
39153510100,62.4378194573423,-2.20310537449887,-0.332507916762658,-0.621619871725129,2.60456255493601,-0.907065845255802,0.669234094162508,-0.580718115639408
39153510200,71.8382143231496,-0.450823972943202,-0.608142682221523,0.138450696531317,0.756259531238326,-0.561825420542494,-0.228096540659506,-0.142497760562424
39153510301,54.365774170996,-0.471409206419375,-0.489374376501823,0.0217283839404138,0.180733791592743,-0.493277272692997,-2.81766193946999,-0.920843080865299
39153510302,87.0277588066428,0.108148586135653,0.0752968727529786,0.674549889855519,0.268002852962146,0.21540344544674,1.18234373658426,-0.160379226598993
39153510400,75.6372743408377,0.0845019041680928,-0.0287728802693698,0.148396565024846,0.217122788441786,-0.467553988186498,0.0714924424154027,-0.434669801838804
39153510500,69.4790502719091,-0.346017985095813,-0.198292668250243,0.222269560781824,0.343145903249337,-0.27776794957058,-0.883289197486395,-0.494003983885263
39153520103,93.1550759503647,0.68546808565723,0.405359522133737,0.523804117583226,1.92636081975373,-0.0303655198106603,0.533156762508566,0.339323050560751
39153520104,88.1301680219405,0.692823085166873,0.703943364479826,0.78171668839298,0.60661240332186,0.0888799634864484,-0.411606413192191,-0.163136013160904
39153520105,91.4353001520593,0.691609603253913,0.836389008920237,0.874372006594471,0.124915644438708,0.00775912224319439,0.642105039550897,-0.107923085684081
39153520106,90.524980332698,0.692823085166873,1.02895807361274,0.416200913130588,0.119351077112356,0.263302959440995,-0.0742858571117564,0.273550662868778
39153520201,96.4383413285057,0.688602337150166,0.730474493780676,0.923033476242444,0.552734866282989,0.433534203499457,0.825076834759254,0.253105778256399
39153520202,78.0822771916772,0.668817292052083,0.642880218585524,0.897848309540434,-0.285030057960847,0.0381440070806906,-0.68116022423135,-0.753210396835775
39153520301,93.5989696839115,0.673004487338973,0.653556644522134,0.931692543162396,0.649228730713123,0.590296303053268,0.0911036877416369,0.110819799474035
39153520302,98.9006088888635,0.690822253126904,1.00289862513209,1.17899364462294,0.413316554149333,1.02279609806338,0.733429442547382,0.779025079199449
39153520400,93.3792160256809,0.692823085166873,0.654545656474255,0.844474110944227,0.28144084836037,0.542461358528408,0.483116094070082,-0.17054781561593
39153520500,89.8906329310026,0.692823085166873,0.765059887863416,0.72001403988893,-0.30788082326054,0.466600601682006,0.264219100350091,0.0125443285596459
39153520600,93.5852135768295,0.691722967616165,0.903499768339059,0.402663992142607,0.350188009006031,0.297240446242467,0.587724724290958,0.184059710787863
39153530101,90.4995216849989,0.66554026393937,1.67352930255367,0.879469819134554,0.0696614437346045,2.6289614662434,-0.64267357485039,0.514468085266544
39153530103,91.8197914609804,0.691410316518291,1.67692972813528,1.08718225620754,0.233041215230924,0.120340628373006,-0.313551489086621,0.747555491334603
39153530104,88.3269310026691,0.69249364437509,1.51841140361508,0.729739188814383,-0.158619744058692,0.338851484160487,-0.329858478330326,0.104313103645835
39153530105,70.2365185017513,0.244020589699472,0.516649879688472,-1.00301753925545,0.42121482911667,0.0193429758592512,-1.20074530126294,-0.264741123898244
39153530108,94.4545971026281,0.692280128325411,1.66067081706581,0.831062125073476,0.118796852029411,0.471015445661577,-0.0597571980717224,1.43364690628868
39153530401,93.737862224657,0.691703754467593,1.26668355117293,0.772519938128936,0.825015004800954,0.0454172084809599,-0.149094169803088,1.28117976017569
39153530402,92.354719910592,0.692132888913871,1.0965552363737,0.674542743818216,0.373207383706822,0.0183020243613004,-0.0848261770518579,0.927317626327235
39153530501,90.6151637018819,0.692823085166873,0.929946108560492,0.572871206640126,0.56441125375363,-0.0423190847177109,-0.370357315532052,0.939348731177323
39153530502,95.7291112186834,0.692823085166873,0.959242062883888,0.666130135976123,0.593194495832698,0.751846947384257,-0.0902199155664134,1.23945403694591
39153530603,96.4538822886878,0.69177519548762,1.21362447338824,0.566805185254602,0.48693479107507,0.527083107522905,0.805774359410607,0.212172468715029
39153530604,98.8090209721566,0.691669744916572,1.48429581102664,0.928098799280882,0.315722300961344,0.438867309769877,0.938236151358539,1.46851235179224
39153530605,88.4903384705377,0.678830966734938,1.5016403564756,0.603658332787153,0.12582390661679,-0.315655491392454,-0.264282447096654,1.27573245505242
39153530606,91.1642877932347,0.691443716570465,1.54602040195895,0.525853811157946,0.113221793500036,-0.270768431491598,0.307985434419552,0.801756727737813
39153530700,95.6532212502091,0.692823085166873,1.49233037354993,1.18116625692701,-0.158905939353167,0.167231907639241,0.7901617819838,1.79398218643506
39153530800,90.6729756960468,0.210598955450691,0.992767830604226,0.920804978482788,0.429143853784758,0.0882225624854906,0.287031756508356,0.601709899963409
39153530901,90.1197994362689,0.688185872524869,0.187278090407599,-0.112134449885653,0.782883383236749,0.257156616797078,0.346824922560898,0.595444014806546
39153530902,96.535265712431,0.690465348535146,1.00913762190209,0.865586947288156,0.62573125065447,0.178550220610276,0.617587086027864,0.687503889730129
39153530903,88.7246890635675,0.690039106482008,0.520094485101253,0.846555033562929,-0.176814497272697,-0.340880768621823,0.402758351065177,0.743915095298959
39153531001,82.2339785733586,0.408099314170822,0.54619953483216,0.844793005011286,0.280731573488323,-0.298030262975847,0.942152234564663,-1.01283146455625
39153531002,85.3759051443641,0.0350815807067648,0.0770043500446776,0.78570339544868,0.750485682235992,-0.207742380249586,0.45891968155963,0.0199512871795421
39153531101,84.6526451567037,0.317698269351759,-0.447030560875879,0.598980445506096,0.331108836660715,-0.340997027455233,0.717778303507418,0.540183086589715
39153531102,88.13206869968,0.380508860820053,0.550492187763176,0.905289955160304,0.192907466898153,0.0884642417629962,0.032928435582034,0.329672685658877
39153531103,86.2577994935625,0.244233963977053,0.0872402123825412,0.745952665822843,0.129881611758342,-0.161174205263703,0.544610044350444,0.372528666527537
39153531401,89.9759695513379,0.410771645511063,1.40738922954662,0.756770221722061,0.409396846491281,0.154973456084151,0.0644217450371257,0.150815081171777
39153531405,89.5124473510629,0.420288320534969,0.86926583273131,1.05235747606368,-0.169643594885353,0.132330774609547,0.827218538184743,0.075469201626552
39153531500,93.1141895929232,0.440603147363235,1.001283345198,1.19748435708739,0.272458204660641,0.274272036599394,0.772926466177786,0.150774788814238
39153531601,90.4745285323129,0.385155720023346,0.866970937307949,0.96926428931837,0.102134654277903,0.0905824550764698,0.353189685340982,0.569606018612971
39153531602,92.2443206580092,0.481033795404888,1.07717494214207,1.00100743472094,0.171410071162504,0.0659609572042636,0.311382835364557,0.984152307143261
39153531701,88.7180550694529,0.505766129322269,-0.0289848843127256,1.52759106808894,-0.0124159440123944,2.54801482231005,-0.297251997934362,0.928659531257105
39153531702,91.0240934441463,0.557690316461173,0.324951252249738,1.65187683093602,-0.226799504927431,0.0516636354742664,0.755399444622111,1.12775847088197
39153531801,89.7503917356155,0.145899752434079,0.413197410952399,0.929260054449701,0.538597923188177,0.152721420957121,0.690813224300614,0.0947508652280338
39153531802,80.4145430651852,-0.0442094767025566,-0.594009260131647,0.686416182691865,0.59641962548848,0.0693900023710344,0.0523879738092771,-0.173533488945044
39153532001,89.4349983515287,0.143179923805886,0.740252794091935,0.499701391285363,0.130187142622116,0.274994355513642,0.350499947125722,0.944397362372517
39153532003,92.898515241577,0.425980665350488,1.03916672047683,0.559692856584632,0.118906676138439,0.266476237989973,0.846189789271282,0.784022391436868
39153532004,88.7670007322469,0.184038738123679,0.623743200979945,0.7003099182369,0.247480259919896,-0.110978636063722,0.681319772178081,0.410063189646325
39153532202,91.1346361068288,0.687969834870613,1.58379494941315,0.160726580580169,0.718414529497603,0.670967707986532,-0.404154935594276,0.50987967060093
39153532301,96.8578801090802,0.600836109804881,2.04847675382879,0.705051284714383,0.498167634889199,3.07635719375624,0.0964314430514572,1.89700939537605
39153532302,86.9500218214469,0.437434350735797,1.97582101130051,0.285373476601549,0.418314382183089,0.461206651476156,-0.919422360205992,2.76207659997815
39153532501,91.3975292433526,0.692052298140762,0.877898330252113,0.549856673736923,0.242613177164256,0.480763950254128,-0.437235786673218,1.45531896338298
39153532502,95.8852668688776,0.692823085166873,1.94289966422814,2.98927423241545,0.298165722137776,2.5320979914315,-0.348610570915424,1.51558035343413
39153532600,97.4157098168002,0.47250637457465,1.22049614747287,2.40985145095413,0.239051948467787,4.96696340918322,0.586915498841404,1.61737656782022
39153532701,90.4361868973018,0.574872994143424,1.63646904340213,0.390047064050545,0.448146637399787,0.255320238280247,-0.327819745837629,0.799721034259939
39153532702,81.8442706859181,0.473319378181001,0.767093131786767,0.564945786348414,0.222447431556081,-1.26516013646807,0.353621543987766,0.260375525660927
39153532703,90.6768325347285,0.540454034385218,1.54166831245019,0.870337340157818,0.298344079150271,0.252135024647967,-0.499994614993444,2.26667392607267
39153532705,92.9817986148641,0.668394566431663,1.1904472076321,1.58058087358991,0.0621488609953122,0.505737350062711,-0.124025487890195,0.67084251409909
39153532706,92.4879849055605,0.654943392162092,1.71037473662877,0.727469271589358,-0.0675956477707869,0.244282390967722,0.083047484069779,1.38948232511868
39153532708,94.0378308802253,0.624515741062047,1.53222611301883,1.00276376194017,0.0298211100961795,0.172684883888888,0.325453810902655,1.70480322711986
39153532901,95.9836479919809,0.616767601466517,0.482701541654322,0.72231240867404,-0.00930424269799002,4.37548897156015,0.931995999717268,1.47198942848168
39153532902,89.1013005844833,0.677219528119947,0.514901039510226,0.752498394665726,0.422368529020009,-0.301052508694651,0.236453796259886,0.0999188960558716
39153532999,91.6537258756918,0.443306205685156,1.29773303785665,0.369420623166115,0.226155611454036,-0.0293726870067125,0.672149897692588,1.10192179153707
39153533000,87.8847627077136,0.208185376364879,0.160298850222388,1.2228943828933,0.285984387838623,-0.174050127557274,0.428722082296432,0.691181532910757
39153533101,94.6349737325248,0.5415073562381,1.73476021814744,0.619933448241707,-0.0210103891428939,0.480393821886352,0.56190868689451,2.00234957674343
39153533102,92.5528467832902,0.543088901539816,1.579116275582,0.0599175873238937,0.229933354348562,0.0636942751149327,0.855232170494431,2.63200280478263
39153533200,87.4750558484095,0.47102271018334,1.41574657276751,-0.151959262394111,0.36109459543334,4.45716705906226,-0.597973189961379,2.05606014047673
39153533400,91.306812968914,0.586424267201127,1.18009382541695,0.764230202523906,0.424766817593675,0.182072467479607,0.0755962806877798,0.095506706254926
39153533501,95.5232587871724,0.615846560251264,1.97146979535804,0.575945003125552,0.582195629684657,0.444149458760424,0.114640296768895,1.55316012114472
39153533502,95.7697651038598,0.666017676026002,1.44693765214418,0.727408153168147,0.136789059632749,4.66535595255814,0.166814644960915,1.04777885981325
39153534000,85.0333863886978,0.399838240701928,1.49260608115392,0.0738966310568941,0.371148901196801,0.311214630255576,-0.846685568804203,3.29015276455082
39153534100,82.4827167105299,0.566424740306681,2.41061990389354,0.757655281688158,-0.18075788613699,-0.641695948301616,-0.633068693947913,2.35126527167138
39155920300,77.4498093656802,-0.111161839435254,-0.492091992148965,0.322875764996876,-0.581779644834551,-0.224263243899043,0.845469963923105,0.57022318302887
39155920400,69.6621374149794,-0.622489138056293,-0.901493340568993,-0.482290067959664,-0.401072073600474,-0.182131935250804,0.836074946745092,0.195221488753092
39155920500,55.5226811064006,-1.00604031543045,-1.3113743477453,-1.58709119597682,0.581438616230249,-1.50107742782319,0.469204212322206,-0.0557107444461054
39155920600,43.9763134415353,-0.505148595561551,-1.12552765907199,-1.47178339756062,-0.272826030994908,-1.65126280020897,-0.0189263339550521,-1.31097799004341
39155920700,53.4190979357332,-0.330136881903542,-0.773531455653041,-0.438649183712739,0.267876844800091,-0.878696169844909,-0.969672418203918,-1.2971360215449
39155920800,35.2381507923237,-1.37592396098476,-1.0064121700371,-2.11761790424649,-0.0257223105706878,-1.33800887213622,-1.39927919817469,-1.16404802799034
39155920900,42.5115491344667,-0.373044637471558,-1.01111084730962,-0.908186657350379,-0.447178839765452,-0.832028561642167,-2.01788483923362,-1.11037039952557
39155921000,66.3431580972553,-0.0249261036840146,-0.796604746579152,0.0527175965784908,-0.727960826573226,-0.964624106103189,0.919453835037974,-0.332523147122036
39155921100,58.81705181175,-0.614654660464918,-0.809519287493501,-0.96249127516922,0.226277514552911,-0.754324239183652,0.387757120884113,-1.1020391496405
39155921200,59.4884816187568,-0.432128021100562,-0.672046153250878,-1.30073581079823,-0.0430607983445456,-0.172596162695234,-0.241993626173592,-0.884100224685369
39155921300,71.9897178950793,-0.0310449971196859,-0.783585853334212,0.350217375017353,-0.116106143850502,-0.836967122074917,0.0309143282498577,0.378797960234773
39155921400,87.0997053257709,0.377512652939936,0.413661458629462,1.11453307170161,-0.556793463723035,0.308434380581455,1.07443098167598,0.0438970461048474
39155921500,78.0446444601939,0.083986142123138,-0.0776039871869347,0.803949780592913,-0.594068867717472,0.189965483695466,1.03024174667965,-0.735646692807425
39155921600,59.2289488802576,-0.902160082417629,-0.806122454299922,-0.273269100193893,-0.294936762973667,-0.932767721580589,-0.214696408651628,-0.372882838586292
39155930101,65.9428329164557,0.624886799840768,0.395535887684525,0.0920266029486229,-2.69314453447357,0.309289402065234,-0.953397246575691,-0.0471428311600538
39155930102,78.3289571341745,0.615491800416883,0.287462089769535,1.10246700149133,-1.89587985737847,0.87404832775513,-0.427959002257559,0.132745072917716
39155930200,73.207964901263,0.578074513467457,0.47506067133322,0.533852928618459,-2.20669656628038,0.270336354009739,-0.750425319313452,0.321156968560586
39155930300,81.7878157542769,0.571823958586823,0.265063760309509,0.721695061650483,-1.99131517538893,0.862906179570127,0.484844716926186,0.223401913832524
39155930400,74.9280475802639,0.505949383693563,0.29657095756699,0.855805446262276,-2.29072293829647,0.596542012040973,-0.256200927011655,-0.0456443778147281
39155930500,67.0119462840007,0.609277896652854,-0.248357933532166,0.481404124633597,-0.962373386596497,0.349855768230791,-2.52570272861016,-0.0921950225345808
39155930600,78.2932446843668,0.552953247793211,0.179864284630634,0.705511479185063,-1.5458698882707,0.382719094015439,-0.50674467969936,0.582853666808218
39155930700,81.3290664466134,0.558979299892449,0.148726357878297,0.619043959454419,-0.545824074421845,-0.477873375864881,0.191216356643398,0.405723183627999
39155930800,86.411157707324,0.588590369155332,0.559871103381818,1.22142946418753,-1.16984811524448,1.31446098796438,0.203896800411057,0.368823327369578
39155930900,86.3278528202093,0.427151464168185,0.564299630621806,0.997932964958267,0.10412116805374,0.0526834005275293,-0.277970620072736,0.310280420820681
39155931000,88.6897542194013,0.256960315673389,0.26365227480365,0.84917595208671,-0.162972891275287,1.03983155879095,0.370443422172422,0.35374434013497
39155931100,82.6038270835187,0.559349500768219,0.28094644232555,1.07535729673973,-1.29545083177838,-0.0922055806634639,0.990391147333586,0.0591381161326386
39155931200,85.4073642839684,0.393306852259699,0.122433634492276,0.602926984944408,-0.862423699769851,1.46642503444625,0.410744072677432,0.656337994068101
39155931300,90.0729697045245,0.684617834764428,0.317623298550165,0.452895614935801,-0.314370656955823,1.56355153336393,0.277988041339033,0.413043587551185
39155931400,88.6112432978968,0.690784276380598,0.166246054048545,0.184064205632103,0.0577822066555423,0.695011573872218,0.215343435373394,0.0629695535879028
39155931500,89.3787883236297,0.126646218201082,0.576506803622861,0.942957881812564,0.0227297567035311,0.0246465048744279,0.807143099584989,0.667813139862063
39155931601,85.3655159614233,0.0343140980610872,0.503244327744606,0.26168565267336,0.21231113388073,0.239247674098578,0.483821348841317,-0.0937870323573607
39155931602,90.5620450854266,0.0809377136419302,0.482302597151891,0.601105969729188,0.305868270667059,0.508320160515229,0.796434839534965,0.259316546471206
39155931700,80.1686446653073,0.334863895606998,0.326082222130005,-0.0827359262098751,-0.0872265497930345,-0.113189676238596,0.34422747799621,-0.181407182093969
39155931900,80.8192159137211,0.138872643916962,0.20091888652873,0.385076779864361,-0.00674884196197946,-0.442885902661644,0.876230939785278,-0.250294996871861
39155932000,85.8543735988518,0.447674155549855,0.492151021258982,0.468241750706801,-0.106495429858307,0.215067218206172,0.594560955635578,-0.349751825577258
39155932200,83.0618161664857,0.648087442554044,0.169345089722547,0.596125307430516,-0.247933105021375,-0.21217593637023,0.105311848360852,-0.116315956458921
39155932300,84.0832225410708,0.654032782707439,0.205141963516717,0.76057088040513,-0.249754110610601,0.212204279980132,0.273639896680604,-0.545869391705107
39155932500,85.8084770435673,0.692045012024316,-0.0681438939563511,0.91995102874704,-0.210315944128795,-0.0257998242621333,-0.0188437292668384,0.321857893384549
39155932600,72.5780437194149,0.00939198462072965,-0.659404779647924,0.340061407861312,-0.316960973692722,-0.773440691321583,0.550687917297888,-0.0426061309082956
39155932701,74.670541487226,0.176387885692163,-0.542699093391738,0.485771298768855,-0.239602945476807,-0.122123958959765,0.12719771756492,-0.539299798286294
39155932702,75.3730003648254,-0.109678823318067,-0.357575427321116,-0.0266946852934543,-0.453561742797944,-0.242181198623728,1.0553584335163,-0.0306814097658671
39155932801,71.2079189772714,0.00264254220996355,-0.641964726556645,-0.362934593875045,-0.550333629575775,-0.3636737350041,1.42884572091469,-0.141059113425157
39155932802,68.6784428843394,-0.133130449901848,-0.00939487966028452,-0.477031309440155,0.127025268556294,-0.488258922127998,0.803294184996153,-1.12218291552567
39155932900,83.8801206786338,-1.18259837371118,-0.0183341474938186,0.325932652063913,0.479474500323329,0.771020134283406,0.406504786024737,0.873100674057785
39155933001,89.872489646996,0.46801415601344,0.514583485219331,0.946915782589218,-0.124822478957671,0.390376060610455,0.488539285087842,0.178274515544127
39155933002,88.2579506754422,0.362512864482345,0.0327063053152931,1.04058961773876,0.12570888611452,0.316605690840845,0.72530615595071,-0.107044825908078
39155933100,63.9521774612509,0.223149432195183,-0.653902907920399,0.174424344231374,-0.280825034196064,-0.524591408122748,-1.21846190599098,-0.333347309710748
39155933301,79.7671497527157,0.420222338346571,-0.324295336149185,0.299907707165192,-0.369664134606996,-0.17688429804419,0.69582903329849,-0.109582052042618
39155933302,84.2334981674868,0.451648094096715,0.030926451489749,1.08664534084721,-0.299259779420187,-0.324574060701827,0.417324489136784,0.489063396522596
39155933400,95.8344239846828,0.670145156178254,0.469841561155212,0.942843634756427,0.0489382121755027,1.31346449473972,0.781625291991865,0.634904517433435
39155933500,85.0527273011506,0.428917063581235,-0.0105881466730949,0.681704030592425,-0.245323441780006,0.614632555602226,0.105390696862303,0.0391154822587808
39155933600,73.0717818272525,0.188018373000726,-0.280100368152823,0.187095850829063,0.103605496009547,-0.190894996513719,-0.843479676255799,-0.0942091907558837
39155933700,84.7228757538708,0.517187840858475,-0.293910825564681,0.786156788269397,-0.15784530650287,0.57527835711342,-0.202352182160876,0.358150216690376
39155933800,48.269163651398,-2.53288889608754,-0.94870756896705,-1.05045234080326,1.09749110595667,-1.469110808323,0.336175641784094,-1.02589478003349
39155933900,79.7904848767655,0.56673594944903,-0.0398754457399111,-0.42833108760676,-0.083017042608157,-0.253996587928356,0.743137785686168,-0.126936136245159
39157020100,90.1409569645819,0.519966936282192,0.280493539773399,0.394009641607275,0.216497666271412,1.41876144512578,0.326570320993585,0.0247993940387642
39157020200,88.731360355581,0.539773593748965,0.424453315243497,0.316200551680004,0.13171923224633,0.688301229029479,-0.0203411623981959,0.26252834841192
39157020300,79.2921100473061,0.527874109031383,0.688765799001883,0.513000101272277,0.133338252105642,0.2745171457615,-0.421658128929436,-1.02835398087682
39157020400,73.0181740698152,0.570452511051983,-0.512510248026604,0.220731060277013,-1.40405313228396,0.987755318223709,-0.339750080536912,-0.323888781155436
39157020500,86.0346416695685,0.61623316185647,0.216108808676711,0.606673981192175,-1.08026499236225,1.13730884040099,0.458352540204644,0.400153425629968
39157020600,94.4085686736549,0.621508987518961,0.893922735791619,0.679368604007605,0.395457379461878,0.144728081056672,1.00815513428673,0.287000096041714
39157020700,90.1646282653592,0.482274840479463,0.673552159733722,0.152308056163576,0.359689653415995,0.0881215806291001,0.764595732384408,0.359341432779903
39157020800,84.4521655409146,0.32360106818199,0.463990074845335,-0.152646645749046,0.981235478313357,0.0705699794633328,0.483043649652831,-0.309498559975878
39157020900,88.7793747861273,0.334147044987879,0.676450028492431,0.191259548870354,0.491455664130948,-0.0850437897989789,0.847249942278688,0.290468420505223
39157021000,84.401004934305,0.486694510501865,0.333262841584757,-0.127850137379473,0.540160508817176,0.640054576925227,0.418997214792306,-0.634635930476827
39157021100,76.7504322536546,0.485852757452841,0.198447822359096,-0.20674353601221,0.461053135374398,0.373272181692287,-0.0813865211480801,-1.13855041911197
39157021200,83.6467898811864,0.471450624420196,-0.131380962016128,-0.237727217789608,0.106278049606165,0.983537297529563,0.408634246852152,-0.148707418689859
39157021300,76.5115477282182,0.615659955453897,0.301960297330796,0.365388594736485,-2.14305192043418,0.487443918884411,0.4429572074807,-0.403496767893426
39157021400,78.9825379460736,0.596315687078296,0.00112898698761674,0.145554413795853,-1.89819665705811,0.898885639105023,0.615709966684116,0.078521409939256
39157021500,86.5753411161437,0.610288812896032,0.3099317532077,0.137627960342121,-0.0137661139454137,1.18085722109406,0.264340812226877,-0.307636670448803
39157021600,78.7091777886471,0.498948351548627,0.0060755649273789,-0.314822666549214,0.503167468433309,-0.208879236530008,-0.180247637189636,-0.152781903050334
39157021700,79.3115555466444,0.644233656465949,0.0596480748219236,-0.0272627229376854,0.56757760686548,-0.58623839410172,-0.224451157121328,-0.128193391492632
39157021800,71.4287002010321,0.561551415323715,-0.410380110611191,-0.00464100512211233,-1.43956723890967,-0.225733738728269,0.242768688876702,-0.21987295208868
39157021900,73.419130355529,0.522477340863906,0.214151926166789,-0.0334108135482431,-1.63752566345749,-0.158038257726535,-0.222929184521923,0.439190870547045
39157022001,79.8434976562946,0.259717899301785,-0.00716479304288496,0.120021545025802,0.729592502810868,-0.521074377352931,0.319000010785999,-0.246998203992235
39157022002,56.0751569452592,0.403194921710796,-0.243919918353852,-1.09808021278157,-0.947945692614987,-1.19635141945842,-0.581633971778322,-0.386977208433325
39159050100,59.1252816724776,0.440840517477168,0.0444892821607639,0.335260336672649,-3.80474862018567,-0.195421782494005,-1.03563474539612,-0.0990117659663565
39159050200,69.5475147780543,0.530137925889351,0.298495207401931,0.0273550721183721,-2.53490062348705,-0.0981802759732563,0.0109229168333804,0.0852115451963436
39159050301,87.6555797386851,0.548225937165453,1.00234863815729,0.532184080949371,-0.415004308107801,0.292294610723552,-0.113863651611437,1.09615726037905
39159050303,89.6424218552297,0.596485520357664,1.37024698463212,0.346382820010355,-0.212694341626476,0.485320695370088,0.108746345577715,0.512679011850338
39159050304,83.3372512098874,0.552880392687388,0.740026778917592,0.497201793533679,-1.54351971226225,-0.0392168464876276,0.670811755444142,0.850321165296801
39159050400,79.1673859149332,0.545905291507351,0.928168057743049,0.409608543910263,-0.19355177809508,0.270616399071831,0.78514866944243,-1.63982272516011
39159050500,76.9471172537306,0.429469617303165,0.787130388748283,-0.521200704274374,-0.139382132021275,-0.701987749743059,0.126923070330353,0.364225973790646
39159050601,90.522366656009,0.52180716476988,2.10093927987614,1.9127290352552,-0.520467013864873,1.67423520638476,-0.170991099049092,1.52047903450897
39159050602,86.4836806467341,0.460709382601699,0.800552110526713,0.622091408586406,-1.65960051276625,1.12800494669844,1.14807994375237,0.818121368784168
39159050700,76.6439853062513,0.625688464102748,1.2554850242417,0.457629566753856,-0.555818131767362,0.469334774050598,-0.168768530492605,-1.34616073384781
39161020100,80.9094707089327,0.420885556702258,0.224855375419841,0.393086919441687,-2.02545289172868,0.385245268256529,1.49171838882979,0.665617399085753
39161020200,80.5515893554774,0.16795030838494,0.757214041550946,0.35764416893319,-1.84806387369,0.509805696505909,0.914241344674503,0.302670683564418
39161020300,73.9567323280519,0.483444580247473,0.37629861301619,0.265579669598464,-2.69193434566406,0.923859281768441,-0.0432639733749636,0.460748110882972
39161020400,79.3972644036571,0.511949381231713,0.275271954718057,0.465179141644112,-2.05086669270075,0.497455329674961,0.558568397126798,0.106107370183252
39161020500,88.1373628506964,0.670689009697942,-0.0453303574877112,0.446476186705951,0.17818128430297,-0.104609519863312,1.13843123971885,-0.0578531227403286
39161020600,60.1202026934808,-1.44017310908271,0.322282294653443,-0.806775526937413,0.549156738373311,-2.42363478594186,0.662254756386839,-0.187057408378384
39161020700,76.4285575474026,-0.865634757650947,0.471639590883292,-0.141849706597931,0.0136363725274476,-0.319565397932991,1.33895353622067,-0.245111932690815
39161020800,74.0747519947476,-0.425506752783498,0.154814850489004,-0.352337392493322,0.561344292597709,-0.3241775350693,1.3918455617362,-0.871386185251866
39161020900,81.141463819702,-0.375220515641876,0.805736791835727,-0.0829069041925122,0.202322080469447,-0.381961789939479,1.67415147544592,0.0265554478759962
39163953000,61.1118744108303,0.498615880226787,-0.556152031877336,-0.651985216365368,-0.0429435426933306,0.0577079298122975,-2.46692065662384,-0.491598591164882
39163953100,65.6744174878291,0.418765815435766,-0.531646460206795,-0.396924486122415,0.519861227275254,-0.0680487714408203,-0.437167526905098,-1.60553639798573
39163953200,55.8137403007482,0.522264937179917,-0.945134524779842,-0.286565485566263,-1.84863017120169,0.0199292221531678,-1.97171946724021,-0.103784089790415
39165030101,79.8391203310305,0.513283501506098,-0.0351443238612842,0.943690311031556,-1.37284412154659,-0.000778254724836099,0.251976008116779,0.297837479577972
39165030102,79.7503853722694,0.386223044597273,0.0883459864851902,0.757432840183383,-1.10052403903613,-0.31686973741385,0.51359754393952,0.675189367329032
39165030200,62.5919090408149,-0.482278944651043,-0.513576561736516,-0.0644787944587006,-1.06854572808626,-0.651262873149225,-0.13597672869664,-0.121097337632383
39165030501,73.5562488001437,-1.04944503430559,0.128108950693062,0.151006373613043,-0.382836425034097,-0.594549849199483,0.701655076060692,0.327532535568962
39165030503,88.7961638681135,0.410107039727581,0.955010960261197,0.830218870286569,-0.438661465719908,0.043754321587151,0.709828255671958,0.76840059155155
39165030504,87.3580166164999,0.543639910309398,1.2638901860176,0.9986723542454,-0.569748076449889,0.0010600736699511,-0.0168854648633449,1.66575749970641
39165030600,79.3158066104575,0.340711215501343,-0.102013350726746,0.919484726566887,-0.79363519105574,-0.176893706029347,0.352887510827452,0.080734753529599
39165030700,84.9592702232455,0.535791984968095,0.0800181073876301,0.388335257504678,-0.449239852674034,1.17106115918933,-0.120316914721924,0.398604472342503
39165030800,85.477314392758,0.496792071856172,1.5662799617788,0.91551076873051,-1.37712500696642,1.81527746024867,-0.189576199854309,1.55148589058298
39165030900,90.6353039311499,0.589804189140218,1.99756655370475,1.03811079343142,-0.524987725080221,-0.000970312424065481,0.476890615836721,1.91027128601235
39165031000,84.8818284934988,0.564661155996184,0.999207920697351,2.23257781461905,-0.75987271292059,-0.00964509771402321,-0.123582400672943,0.534016426783248
39165031100,85.4142110418437,0.543391080890089,0.671724169816592,0.648403391723245,-0.464085650730326,0.904232874951354,-0.644581726295275,1.14832356611306
39165031200,89.2314468793491,0.617812659338995,0.870901989673049,1.45013644399706,-0.557909592565976,1.17953228254248,-0.26676586354303,1.18798507685722
39165031300,89.5500457609619,0.628409422060814,0.735845931568347,0.126053113901844,-0.0662156488784115,0.314726455484784,0.210818969881117,1.02581828037194
39165031400,84.2771461005848,0.651528235615647,0.963354549923685,-0.442515205390984,-0.20441544178932,-0.20231575550943,0.611599332998576,0.405447809693802
39165031500,85.2065680578058,0.679553882049353,0.450186892155509,0.284192637846647,-0.291180061535109,-0.258897803270755,0.165295194576653,0.617513390839819
39165031600,87.451046514794,0.213471568354694,0.43571514506689,0.814669788778106,-0.551106735227774,3.89114716947182,0.141786244223484,1.50799260313443
39165031700,72.4062121218742,0.636526951886529,-2.46512137179112,0.783554545871058,-1.5913396282382,1.37376425583639,4.06794270345959,0.618043271875977
39165031902,87.4857301487047,0.133323830627348,2.06201465174604,0.815336279875066,-0.221727661095487,0.470401246424109,-0.0431152797946304,0.520558996163499
39165031903,89.0875497481847,0.474829928378348,1.55799351915996,1.08127272442926,-0.581705349095986,0.159403941322995,0.334310013801066,1.22417536847966
39165031904,88.1458673727564,0.14758556929615,1.70543443991678,0.429292062589684,0.095468390347249,0.0138937761782808,0.222284274377053,0.956868738312542
39165032003,86.8537347030261,0.0381781741376836,1.51253342276211,0.326584665117104,0.214613512256903,-0.165764179256529,0.39839311647108,0.554322361779421
39165032004,89.5705787905896,0.583239138912711,0.949024048009443,0.804411629844761,-0.731120966320934,0.224098220505384,0.532750311680228,2.26973987497861
39165032005,83.9054167428611,0.232332985199671,1.78274275013623,0.308536407731449,0.0739419879770996,-0.849938841802081,0.554508504811341,0.792768356313642
39165032006,92.5933822342325,0.413764193974638,1.75989163260076,-0.0568594174204583,0.715749976072062,0.933004531429488,0.277474197846262,1.25246980535357
39165032007,89.6962155002079,0.528225714739519,1.68576457140887,0.727646927242516,-0.162394818771504,-0.156179517206826,0.484743134211468,0.534225661189934
39165032100,84.9056761136309,0.293206402723371,1.50691120603576,0.250266434871981,-0.55730413402003,0.0247709961348043,0.431222831473818,0.761944162808101
39165032201,78.6047101862012,0.521974879949872,1.4908186677774,0.330289501466721,-0.180488570372415,-0.227025203788328,-0.707746556986559,-0.218033222153817
39165032202,87.263006035134,0.510805702083428,0.802864542691008,1.34485101627808,-0.409733374179214,2.44791562709931,-0.626086302663765,1.27259840339031
39165032300,80.9819101449823,0.53536804883207,1.15206064999695,0.813669977228419,-0.661273204775101,-0.222693437280376,-0.595682910068605,0.694577229958176
39165032400,72.1232073254424,0.558663574642334,0.0792259953679099,0.263780736499478,-1.59357654430691,0.404875983107222,-1.34519689563048,1.00150388411411
39165032501,78.9393830441023,-0.263325433365713,0.334513909793808,0.645980666391636,-0.740663772901441,-0.494694402811805,0.628504915591524,1.0426455006474
39165032502,66.0037988962467,-0.845938803593207,-0.790916508138894,0.448721337315428,-0.533724913558419,-1.03682272113599,0.5597337833483,-0.129485165840356
39167020101,83.7795265029393,0.320860985531446,0.207432232173256,0.410976972171142,0.765390630819065,0.0963980435127108,0.419393499636848,-0.68571720108246
39167020102,78.355505775455,-0.0553468733845423,0.106412653714192,-0.211086203544361,0.469987552783141,0.342590862610924,-0.646487032750032,0.373384114309166
39167020200,77.6466481235392,0.508895799274163,0.1086677071558,-0.0700249597107815,-0.508872944174216,0.296621951290114,-0.197539744254375,-0.209076196144303
39167020300,80.8355597122975,0.470672534313456,0.0677798498727456,-0.0489044435291729,-0.862239011293369,0.881436557876272,0.207860071606022,0.341164097344286
39167020400,86.1839903648149,0.339102432992663,0.108290803507512,-0.0452523759297112,0.65773723414798,0.03169129778209,0.833879097101899,0.118280632460792
39167020500,77.3058509558337,-0.0235609534961175,-0.139393160697427,-0.80467162851733,1.33973353707882,-0.0451799604374656,0.983282185409394,-0.460882838943051
39167020800,86.0013141820732,0.342219902062053,0.382662554295481,-0.138586491909754,0.537755923772069,-0.287060559322365,1.31957705113892,0.360802275642424
39167020900,77.3330521718735,0.185566082861845,0.376206685496533,-0.767209760864086,0.950946347279705,-1.11996903506239,1.51664684072233,0.252775971900569
39167021000,71.2658881077887,-0.251651897020234,0.0423891770276707,-1.07782614759615,1.09676952901729,-1.01108219569598,0.924504852216869,-0.171592255270695
39167021100,74.4155405195734,0.464100485148881,0.0325739620675395,0.0264399884639831,0.71250735670384,0.595458126271816,0.493104905818813,-2.65448094588759
39167021200,75.8648957204751,0.510929427926094,-0.289936043098316,0.269922123610464,0.37799845171502,0.044993998733407,-0.644973275202439,-0.66223442085712
39167021300,82.0911266728344,0.46900371798585,-0.092871490470379,0.305372886290424,0.398071928537634,0.463319717323003,-0.524565566455034,-0.154396469928797
39167021400,96.1594756196443,0.58457996488615,0.565665002457866,0.398852838255354,0.518437308362218,1.18324760956509,0.763963027717808,0.934826855510081
39167021500,92.1201151496808,0.602453222938967,0.210255782382589,0.554106076011621,0.013422802077414,0.502988268518988,0.565228804653917,0.862692416575142
39167021600,84.4313562184021,0.594603911381596,-0.136860280469973,0.519208909092794,0.266109867703566,0.48297428826176,-0.57939399908043,0.182280909192778
39167021700,66.9797103608417,0.567941841101984,0.0225294666213405,0.304885418064361,-2.60752356739603,0.292437231625359,-0.828547699875549,0.178639551616717
39169000100,66.4575671309633,-1.74978517178583,0.152146965430408,-0.489500565962807,0.953762110062305,-0.294455216297565,0.0204832262238799,-0.742641638384268
39169000200,92.0496554755252,0.290447155393348,1.19184008658496,0.291252530100245,0.298097276715677,0.405789407659351,0.600986711462013,0.953227946820819
39169000300,82.8438414832761,-0.107372547534393,0.575083127710749,-0.286662935129896,0.535425022095954,0.322428378381486,0.26318118168319,-0.0244416307324494
39169000500,63.3307443148937,-0.479254411432818,0.133342294141377,-0.645171170180164,0.384283848015059,-0.593300037263381,0.303000174788544,-1.6089172303008
39169000600,78.4037091530034,-0.853239800050854,0.30825951838729,-0.138946872597712,0.631694433393911,0.887992128516513,1.52347319458115,-0.940342423968533
39169000700,86.5850152485783,-0.00213855699405312,0.747943664839532,0.289390882344727,0.425347488294079,0.331046416591503,1.06810278387441,-0.423431357586253
39169000800,85.3980600315223,0.110606149711882,0.785335353131162,0.14090335601051,0.410625922528077,0.0595783502417495,0.46506379478923,-0.123854756522542
39169000900,88.2148250074984,0.411538813107634,0.731342762791138,0.0607804859646686,0.0485963787311615,0.598094621721564,1.04740401250827,-0.165271662679595
39169001000,86.6706641189325,0.609331980890581,0.422617385549192,0.0217402566939566,-0.0989351916439524,-0.123221917990669,0.816956850179235,0.34300616990476
39169001100,94.2434123370526,0.593034911092946,0.453887091342666,0.535442825489876,0.0205871674195562,0.989599666954677,0.793352729764794,0.852900865823188
39169001200,86.7848194761047,0.383399962259684,0.0383238257711094,-0.426425437480824,1.41666590282979,0.0703576205076934,1.05206940498634,0.522636583897143
39169001300,88.2910823260902,0.580622139889348,0.437671618731437,0.162064525395657,0.164958412149056,-0.0642692709077817,0.809861616189327,0.131615429540565
39169001400,67.382396751113,0.317486183140332,0.250754909483487,0.214886695193128,-1.15254328373982,0.536824688992821,1.15534663410004,-2.68951328590121
39169001700,66.2606734362178,0.605892034826383,-0.402761828997034,0.399332810890964,-2.09703893866946,0.886183442490222,-1.8959098751273,0.290798178683663
39169001800,75.6981199735667,0.520699048607055,0.465511981309963,0.191152217112003,-1.84685400637452,0.702400490322243,-0.39994705237677,0.0766843418052148
39169001900,72.9929035340463,0.520369117065702,0.452255860987691,0.573466964021345,-2.20803166317374,-0.406643582684008,0.0635637034417312,0.0971598311048717
39169002000,85.0848115170444,0.498066547276105,0.423547894453846,0.502240459270072,-1.7577391865629,1.10171681352083,0.732096079082552,1.48784015327464
39169002100,85.2037378666225,0.49986585936698,0.256526882182097,0.692121690800305,-1.55233834151972,1.54604920885218,0.71508958217618,0.634093764218396
39169002200,74.0128319168349,0.439478739526435,0.443844137243529,0.0251533969666835,-1.80858216773148,0.519380556371302,-0.0701911679391528,-0.303040101759857
39169002300,79.3907262014188,0.325244233453709,0.430321640531535,0.487351778368463,-1.53423648914416,0.0162071585485889,0.399989512983878,0.418476822869054
39169002400,90.3661124866409,0.370937368463385,0.656345346114556,0.425211582305204,0.147776430729073,1.37010303968688,0.389585598323383,0.10109288069875
39169002500,88.3559228505582,0.477010057288146,0.486880201680814,0.622529858440445,-0.916633475734061,2.0252097487762,0.851057673064672,0.609820318742441
39169002901,90.8482694907186,0.655548062276562,0.87917972797387,0.0554520647740457,0.376105254314123,-0.0554218439867267,0.879040624612367,0.290235848167651
39169002902,89.5807207742255,0.404210356485194,0.815950513833739,1.65793433045682,-0.475818885780743,1.08322579705606,0.223152439110005,0.521637667861563
39169003000,86.5199277487648,0.36808527010311,0.464316629185743,1.30141592757385,-1.05796900327812,1.16082134166599,0.380147375000139,0.818732527085392
39169003100,85.0705381338734,0.474054607068561,0.576934699829085,1.4328524509961,-1.59179508685699,0.55557680608268,0.441130838076282,0.784069143579508
39169003200,90.8078528716681,0.633780737895687,0.689295199249255,0.861450202722021,0.187430319702558,-0.291290434148201,1.04525527373069,0.134699312480093
39169003300,82.5935193970725,0.651815747006569,0.31978764964542,0.322426589199136,-1.08625943219438,0.682537461943577,-0.259828189448065,1.03421040439723
39169003400,81.0187830723476,0.666764240622751,0.523509965732366,-0.0190515283093924,0.391825971025194,-0.479138343350585,0.100199612478758,-0.498921891753669
39169003500,84.6277973408687,0.681252354191677,0.772645617208848,0.396267853106617,-0.262184948331576,-0.0737334100859096,-0.351148256405382,0.47351777111374
39169003700,74.504420946882,0.534198179409236,0.0875380262559331,0.0219256421209582,-1.57119798812089,0.951263149895036,-0.741893648094953,0.584964021189536
39169980000,76.5329544704276,-1.69254778083143,0.345675293122755,0.191765083656268,-0.470299222640438,1.25524014291182,2.78807234543246,-0.332884180456437
39171950100,72.8520673775217,0.527140709852094,0.313370538025165,-0.0697028094614246,-2.48696584884936,0.272304328170799,0.945663766458949,-0.252901911601674
39171950200,77.7699725322242,0.691568280928445,0.442812548134099,0.0258968758534768,-2.05532525059137,0.220436837173194,0.336659878527208,0.155856086287543
39171950300,72.0878619817367,-0.996490576002838,0.433668669544399,-0.196351257151281,0.25984571844071,-0.343972294841871,0.845517211896678,-0.866343243003526
39171950400,87.4217057561716,0.671233573289846,0.270659152690835,0.0973612713255916,-0.256321404682926,0.861363680041935,1.21453290034622,-0.309240943424842
39171950500,75.67525303726,0.681767581864878,0.351764711086827,0.230783141270038,-1.23630013878419,0.947565033889038,0.769043403138188,-1.35996248225487
39171950600,75.8715488724464,0.668339564916346,0.239653319790573,-0.409896878773159,0.486693458412993,-0.571459248377703,0.580940548267684,-1.04593564704224
39171950700,91.7631426195983,0.688200535637311,0.811517055918533,0.106883567498164,0.604865048296113,0.297246637280959,1.65819038672865,-0.287914545055213
39171950800,87.4592161825339,0.692823085166873,0.314437752557718,0.301240036745103,-0.557150066209281,0.183069960280692,0.907707270704918,0.188675403893424
39171950900,79.6053535619663,0.691093978134147,0.517683247275282,0.225479862077164,-2.11617911614655,0.453137428238641,0.56332939955418,-0.0621315440019318
39173020100,79.2253266855475,-0.148924694055522,-0.492188261606501,0.12397278707324,0.236943116056578,-0.170208535378091,0.841088544877146,-0.052429394427507
39173020200,87.1628233547965,0.567288434102502,-0.160349247214062,0.912857107580388,-0.255207276976272,-0.0596231129766628,1.26355956974362,0.264006868361951
39173020300,90.6812747989879,0.542660339028838,0.505202694363238,0.956383958291327,-0.168864308674725,0.106246282250939,0.660498280620372,0.534074065008737
39173020401,89.728036435179,0.429944940371877,0.881888498932742,0.621050227507515,-0.129160784960233,0.196453060261166,0.714047573121869,0.267448341959854
39173020402,93.7364704545259,0.386360460535334,1.52580671731575,0.671237782496697,0.488781542430814,0.324537232984697,0.361247682841955,0.928518026231814
39173020500,92.4257089332491,0.369030637956275,1.35893149385331,0.451191660421284,0.0411793015880365,0.600505471592416,0.879936510860555,0.389063927802139
39173020601,93.3692336222006,0.389737731215023,1.13653573494003,0.701244859265307,0.264993340820402,0.50556484569739,0.437752089526382,0.683300384310661
39173020602,80.6665913570457,0.394865857009589,1.81401221062248,0.147578887885672,0.228331487398426,-1.28517165826004,-0.000568746667460551,1.9597236489363
39173020700,83.7588353606069,0.335641784567001,-0.0964038068441878,0.184836768029751,-0.59629540193487,3.43081061055121,1.08650903306139,0.0263154120576883
39173020800,87.2534432236036,0.562405423782973,0.275133726822545,1.09054639532761,0.259706712734448,-0.127348502079358,1.38528563149089,-0.602792122724337
39173020900,92.1223050058685,0.67896337339221,0.818780506083358,0.827993835341615,-0.177266143890895,4.46638620522625,-0.0309246713450331,0.603911199206142
39173021000,84.0586709167433,0.427157017514547,0.88277225091754,0.630410880316299,-1.85854818099425,0.820784032532573,0.589287083753209,0.836509895832957
39173021100,84.2150078382643,0.505124575439547,1.08219465979371,0.80150955349669,-1.71040388893264,0.541548444323398,0.204275038420643,0.924365207441873
39173021200,89.4538530837164,0.531193371900245,1.73070438617401,0.68137516478994,-0.974366712501263,2.31698172182138,0.59230967153116,0.590020154005901
39173021300,84.9362788632863,0.408671071347506,0.844524943291337,0.939865138857634,-1.2093953053808,0.903355289085667,0.0522082424149763,0.789970241580298
39173021400,66.066113879343,0.23246218683815,-0.0676602339666695,0.128403946654314,-2.01649271543121,0.681311238603255,-0.190401929674294,-0.876493524612095
39173021500,85.6999665868861,0.318106137983365,0.383398148893436,0.344254458035583,-0.474795325347048,0.579106887926005,0.511578972029465,0.278228057159754
39173021600,86.7125689486682,-0.167861831741462,1.53577002969874,0.661151211111581,-0.0916597315259165,-0.070904272677472,1.33303991003754,0.137285661486361
39173021701,69.1231192435328,-3.05749091118546,0.966354144862862,-0.471196222151206,0.565442685323385,0.416059670028035,1.30734141986365,-0.964526271542615
39173021702,67.0344758378812,-1.78434759884839,0.94344594433619,-0.520707297088634,0.733107501978569,-0.239961009156892,1.24743809327978,-1.40517856307472
39173021800,60.7748666274513,0.485206177325146,0.750459775592538,-7.92229594605642,-0.0776465330127701,1.04357289943807,0.732174721922066,-2.24956657634081
39173021901,90.4636909441327,-0.277673820232556,1.04973479557509,0.265476792490354,0.329606862497336,0.362349516204771,1.77172010618901,0.979252429663227
39173021902,57.280672695286,-1.9138375981389,0.496643881681479,-1.35879919946799,0.533390824413611,-0.775809506188048,1.06637825711855,-1.56141336379281
39173022100,72.764164548719,0.463911536870854,0.399338463116297,-0.101224088486081,-2.17888683217047,0.202661765563145,-0.0412658562583763,0.275560579435374
39173022200,77.6078731494362,0.356778719920789,-0.422100584538613,-0.365184557297597,-0.11929820117522,0.174839815797628,-0.0656140872680349,0.405934573972907
39173022300,86.966459224707,0.376763886634625,0.456275256661331,0.213661476963671,-0.251095315890463,0.379978183305065,0.534118846192673,0.483157257962331
39173022400,67.996604480279,0.297166394288642,0.610287279285931,-0.0191537528034931,0.0356833896390662,-0.396350944233905,0.642900545635414,-2.76018691609928
39173022500,88.1752898163743,0.0386352885797802,0.547101837494421,0.363646745561022,0.0987448803140157,1.0886730591778,0.859326436917498,-0.116926355966246
39175938000,76.5118990951888,0.642936545979459,0.0408740655731682,0.435592146830767,-2.03253766652248,0.464058340947778,-0.351172433108623,0.580254225596097
39175938100,86.7133718501644,0.611370832087312,0.425947059075905,0.511738023265831,-0.0213865612110969,0.00451012226037428,0.561951484572282,-0.311348816670553
39175938200,72.9250406152229,0.663127663929242,-0.736314366141445,0.402860580489775,-2.35362013677582,0.638811716268842,0.172648251512128,0.0574851538813856
39175938300,84.9732601333115,0.0458428342021456,0.440633268731399,-0.130224732858396,0.37726730868808,0.611925394674743,0.964616802182,-0.343765393373649
39175938400,79.157522802285,-0.0798885553352678,0.619252243051257,0.12068823586742,0.57372345726181,-0.915774610864763,0.702034747991004,-0.142622642380621
39175938500,75.6927438401923,0.514647420579026,0.226112510894251,0.0231128761487617,-1.73408276598131,0.428507236867244,-0.0481109082149537,0.0298834737563671
